$GPHPD,2058,119096.800,271.417,-1.615,12.266,31.1295245,120.6623331,12.89,0.008,0.002,-0.022,-1.000,16,20,0B*22
$GPHPD,2058,119097.000,271.399,-1.615,225.544,31.1295245,120.6623331,12.89,-0.001,-0.001,0.020,-1.000,16,20,0B*3E
$GPHPD,2058,119097.000,271.399,-1.615,225.544,31.1295245,120.6623331,12.89,-0.001,-0.001,0.020,-1.000,16,20,0B*3E
$GPHPD,2058,119097.200,271.465,-1.637,225.175,31.1295245,120.6623331,12.89,-0.008,-0.008,-0.004,-1.000,16,20,0B*15
$GPHPD,2058,119097.200,271.465,-1.637,225.175,31.1295245,120.6623331,12.89,-0.008,-0.008,-0.004,-1.000,16,20,0B*15
$GPHPD,2058,119097.400,271.398,-1.613,190.256,31.1295245,120.6623331,12.89,-0.010,-0.002,0.019,-1.000,16,20,0B*3D
$GPHPD,2058,119097.400,271.398,-1.613,190.256,31.1295245,120.6623331,12.89,-0.010,-0.002,0.019,-1.000,16,20,0B*3D
$GPHPD,2058,119097.600,271.427,-2.103,227.562,31.1295245,120.6623331,12.89,-0.004,-0.004,-0.000,-1.000,16,20,0B*10
$GPHPD,2058,119097.600,271.427,-2.103,227.562,31.1295245,120.6623331,12.89,-0.004,-0.004,-0.000,-1.000,16,20,0B*10
$GPHPD,2058,119097.800,271.425,-1.560,162.535,31.1295245,120.6623330,12.88,-0.015,0.005,-0.010,-1.000,16,20,0B*33
$GPHPD,2058,119097.800,271.425,-1.560,162.535,31.1295245,120.6623330,12.88,-0.015,0.005,-0.010,-1.000,16,20,0B*33
$GPHPD,2058,119098.000,271.474,-1.765,171.409,31.1295245,120.6623329,12.88,-0.103,0.016,-0.018,-1.000,16,20,0B*3F
$GPHPD,2058,119098.000,271.474,-1.765,171.409,31.1295245,120.6623329,12.88,-0.103,0.016,-0.018,-1.000,16,20,0B*3F
$GPHPD,2058,119098.200,271.396,-1.184,175.837,31.1295245,120.6623326,12.88,-0.182,0.013,0.006,-1.000,16,20,0B*1B
$GPHPD,2058,119098.200,271.396,-1.184,175.837,31.1295245,120.6623326,12.88,-0.182,0.013,0.006,-1.000,16,20,0B*1B
$GPHPD,2058,119098.400,271.338,-0.808,178.022,31.1295245,120.6623319,12.88,-0.369,0.013,0.051,-1.000,16,20,0B*1D
$GPHPD,2058,119098.400,271.338,-0.808,178.022,31.1295245,120.6623319,12.88,-0.369,0.013,0.051,-1.000,16,20,0B*1D
$GPHPD,2058,119098.600,271.663,-1.962,178.576,31.1295245,120.6623308,12.88,-0.578,0.014,0.039,-1.000,16,20,0B*13
$GPHPD,2058,119098.600,271.663,-1.962,178.576,31.1295245,120.6623308,12.88,-0.578,0.014,0.039,-1.000,16,20,0B*13
$GPHPD,2058,119098.800,271.516,0.378,179.912,31.1295246,120.6623292,12.89,-0.831,0.001,0.073,-1.000,16,20,0B*34
$GPHPD,2058,119098.800,271.516,0.378,179.912,31.1295246,120.6623292,12.89,-0.831,0.001,0.073,-1.000,16,20,0B*34
$GPHPD,2058,119099.000,271.560,-1.180,178.691,31.1295246,120.6623272,12.88,-1.085,0.025,-0.086,-1.000,16,20,0B*38
$GPHPD,2058,119099.000,271.560,-1.180,178.691,31.1295246,120.6623272,12.88,-1.085,0.025,-0.086,-1.000,16,20,0B*38
$GPHPD,2058,119099.200,271.507,0.033,176.650,31.1295247,120.6623243,12.87,-1.463,0.086,-0.038,-1.000,16,20,0B*11
$GPHPD,2058,119099.200,271.507,0.033,176.650,31.1295247,120.6623243,12.87,-1.463,0.086,-0.038,-1.000,16,20,0B*11
$GPHPD,2058,119099.400,271.564,-0.266,179.456,31.1295248,120.6623207,12.88,-1.797,0.017,0.101,-1.000,16,20,0B*10
$GPHPD,2058,119099.400,271.564,-0.266,179.456,31.1295248,120.6623207,12.88,-1.797,0.017,0.101,-1.000,16,20,0B*10
$GPHPD,2058,119099.600,271.647,-0.589,178.256,31.1295250,120.6623164,12.88,-2.136,0.065,-0.044,-1.000,16,20,0B*38
$GPHPD,2058,119099.600,271.647,-0.589,178.256,31.1295250,120.6623164,12.88,-2.136,0.065,-0.044,-1.000,16,20,0B*38
$GPHPD,2058,119099.800,271.406,-1.160,179.356,31.1295251,120.6623115,12.89,-2.482,0.028,0.053,-1.000,16,20,0B*1D
$GPHPD,2058,119099.800,271.406,-1.160,179.356,31.1295251,120.6623115,12.89,-2.482,0.028,0.053,-1.000,16,20,0B*1D
$GPHPD,2058,119100.000,271.309,-0.378,178.722,31.1295252,120.6623059,12.88,-2.735,0.061,0.042,-1.000,16,20,0B*19
$GPHPD,2058,119100.000,271.309,-0.378,178.722,31.1295252,120.6623059,12.88,-2.735,0.061,0.042,-1.000,16,20,0B*19
$GPHPD,2058,119100.200,271.444,-0.382,178.058,31.1295254,120.6622998,12.87,-2.996,0.102,-0.052,-1.000,16,20,0B*39
$GPHPD,2058,119100.200,271.444,-0.382,178.058,31.1295254,120.6622998,12.87,-2.996,0.102,-0.052,-1.000,16,20,0B*39
$GPHPD,2058,119100.400,270.954,-0.983,178.523,31.1295255,120.6622931,12.87,-3.280,0.085,0.034,-1.000,16,20,0B*1C
$GPHPD,2058,119100.400,270.954,-0.983,178.523,31.1295255,120.6622931,12.87,-3.280,0.085,0.034,-1.000,16,20,0B*1C
$GPHPD,2058,119100.600,270.553,-0.159,178.548,31.1295257,120.6622859,12.87,-3.472,0.088,-0.085,-1.000,16,20,0B*3B
$GPHPD,2058,119100.600,270.553,-0.159,178.548,31.1295257,120.6622859,12.87,-3.472,0.088,-0.085,-1.000,16,20,0B*3B
$GPHPD,2058,119100.800,270.628,-0.840,178.684,31.1295258,120.6622783,12.86,-3.688,0.085,0.057,-1.000,16,20,0B*16
$GPHPD,2058,119100.800,270.628,-0.840,178.684,31.1295258,120.6622783,12.86,-3.688,0.085,0.057,-1.000,16,20,0B*16
$GPHPD,2058,119101.000,270.356,0.261,179.083,31.1295260,120.6622703,12.87,-3.910,0.063,0.027,-1.000,16,20,0B*34
$GPHPD,2058,119101.000,270.356,0.261,179.083,31.1295260,120.6622703,12.87,-3.910,0.063,0.027,-1.000,16,20,0B*34
$GPHPD,2058,119101.200,270.603,0.416,178.501,31.1295262,120.6622617,12.86,-4.093,0.107,-0.031,-1.000,16,20,0B*10
$GPHPD,2058,119101.200,270.603,0.416,178.501,31.1295262,120.6622617,12.86,-4.093,0.107,-0.031,-1.000,16,20,0B*10
$GPHPD,2058,119101.400,270.578,0.327,178.528,31.1295264,120.6622528,12.87,-4.298,0.110,0.022,-1.000,16,20,0B*3F
$GPHPD,2058,119101.400,270.578,0.327,178.528,31.1295264,120.6622528,12.87,-4.298,0.110,0.022,-1.000,16,20,0B*3F
$GPHPD,2058,119101.600,270.772,-0.954,178.335,31.1295266,120.6622437,12.87,-4.398,0.128,0.022,-1.000,16,20,0B*1B
$GPHPD,2058,119101.600,270.772,-0.954,178.335,31.1295266,120.6622437,12.87,-4.398,0.128,0.022,-1.000,16,20,0B*1B
$GPHPD,2058,119101.800,270.664,-0.658,178.381,31.1295268,120.6622342,12.86,-4.553,0.129,-0.089,-1.000,16,20,0B*39
$GPHPD,2058,119101.800,270.664,-0.658,178.381,31.1295268,120.6622342,12.86,-4.553,0.129,-0.089,-1.000,16,20,0B*39
$GPHPD,2058,119102.000,270.676,-0.074,179.322,31.1295269,120.6622245,12.88,-4.648,0.055,0.124,-1.000,16,20,0B*10
$GPHPD,2058,119102.000,270.676,-0.074,179.322,31.1295269,120.6622245,12.88,-4.648,0.055,0.124,-1.000,16,20,0B*10
$GPHPD,2058,119102.200,270.903,-1.354,178.953,31.1295271,120.6622147,12.87,-4.697,0.086,0.015,-1.000,16,20,0B*1A
$GPHPD,2058,119102.200,270.903,-1.354,178.953,31.1295271,120.6622147,12.87,-4.697,0.086,0.015,-1.000,16,20,0B*1A
$GPHPD,2058,119102.400,270.718,-1.049,178.479,31.1295273,120.6622049,12.86,-4.683,0.124,-0.083,-1.000,16,20,0B*30
$GPHPD,2058,119102.400,270.718,-1.049,178.479,31.1295273,120.6622049,12.86,-4.683,0.124,-0.083,-1.000,16,20,0B*30
$GPHPD,2058,119102.600,270.315,0.037,178.377,31.1295275,120.6621950,12.86,-4.710,0.133,-0.078,-1.000,16,20,0B*1A
$GPHPD,2058,119102.600,270.315,0.037,178.377,31.1295275,120.6621950,12.86,-4.710,0.133,-0.078,-1.000,16,20,0B*1A
$GPHPD,2058,119102.800,270.355,-0.534,178.121,31.1295276,120.6621851,12.86,-4.782,0.157,0.023,-1.000,16,20,0B*13
$GPHPD,2058,119102.800,270.355,-0.534,178.121,31.1295276,120.6621851,12.86,-4.782,0.157,0.023,-1.000,16,20,0B*13
$GPHPD,2058,119103.000,270.305,0.319,178.517,31.1295279,120.6621751,12.85,-4.718,0.122,-0.127,-1.000,16,20,0B*10
$GPHPD,2058,119103.000,270.305,0.319,178.517,31.1295279,120.6621751,12.85,-4.718,0.122,-0.127,-1.000,16,20,0B*10
$GPHPD,2058,119103.200,270.390,-0.626,179.170,31.1295280,120.6621651,12.86,-4.728,0.069,-0.023,-1.000,16,20,0B*32
$GPHPD,2058,119103.200,270.390,-0.626,179.170,31.1295280,120.6621651,12.86,-4.728,0.069,-0.023,-1.000,16,20,0B*32
$GPHPD,2058,119103.400,270.360,0.027,178.670,31.1295282,120.6621551,12.86,-4.770,0.111,0.000,-1.000,16,20,0B*39
$GPHPD,2058,119103.400,270.360,0.027,178.670,31.1295282,120.6621551,12.86,-4.770,0.111,0.000,-1.000,16,20,0B*39
$GPHPD,2058,119103.600,270.426,-0.103,179.360,31.1295283,120.6621450,12.87,-4.840,0.054,0.058,-1.000,16,20,0B*10
$GPHPD,2058,119103.600,270.426,-0.103,179.360,31.1295283,120.6621450,12.87,-4.840,0.054,0.058,-1.000,16,20,0B*10
$GPHPD,2058,119103.800,270.431,-1.462,178.217,31.1295285,120.6621350,12.87,-4.814,0.150,-0.099,-1.000,16,20,0B*3E
$GPHPD,2058,119103.800,270.431,-1.462,178.217,31.1295285,120.6621350,12.87,-4.814,0.150,-0.099,-1.000,16,20,0B*3E
$GPHPD,2058,119104.000,270.226,-0.823,179.590,31.1295285,120.6621249,12.89,-4.756,0.034,0.043,-1.000,16,20,0B*17
$GPHPD,2058,119104.000,270.226,-0.823,179.590,31.1295285,120.6621249,12.89,-4.756,0.034,0.043,-1.000,16,20,0B*17
$GPHPD,2058,119104.200,270.111,-1.128,178.819,31.1295287,120.6621147,12.88,-4.854,0.100,-0.042,-1.000,16,20,0B*35
$GPHPD,2058,119104.200,270.111,-1.128,178.819,31.1295287,120.6621147,12.88,-4.854,0.100,-0.042,-1.000,16,20,0B*35
$GPHPD,2058,119104.400,269.938,-1.380,179.643,31.1295287,120.6621045,12.89,-4.846,0.030,-0.008,-1.000,16,20,0B*35
$GPHPD,2058,119104.400,269.938,-1.380,179.643,31.1295287,120.6621045,12.89,-4.846,0.030,-0.008,-1.000,16,20,0B*35
$GPHPD,2058,119104.600,270.170,-0.458,179.505,31.1295288,120.6620943,12.89,-4.898,0.042,-0.077,-1.000,16,20,0B*36
$GPHPD,2058,119104.600,270.170,-0.458,179.505,31.1295288,120.6620943,12.89,-4.898,0.042,-0.077,-1.000,16,20,0B*36
$GPHPD,2058,119104.800,269.880,-1.980,179.155,31.1295289,120.6620839,12.87,-5.023,0.074,-0.045,-1.000,16,20,0B*30
$GPHPD,2058,119104.800,269.880,-1.980,179.155,31.1295289,120.6620839,12.87,-5.023,0.074,-0.045,-1.000,16,20,0B*30
$GPHPD,2058,119105.000,270.109,-1.000,181.081,31.1295288,120.6620734,12.87,-4.985,-0.094,-0.054,-1.000,16,20,0B*13
$GPHPD,2058,119105.000,270.109,-1.000,181.081,31.1295288,120.6620734,12.87,-4.985,-0.094,-0.054,-1.000,16,20,0B*13
$GPHPD,2058,119105.200,269.499,-1.195,179.575,31.1295288,120.6620628,12.87,-5.106,0.038,0.013,-1.000,16,20,0B*1A
$GPHPD,2058,119105.200,269.499,-1.195,179.575,31.1295288,120.6620628,12.87,-5.106,0.038,0.013,-1.000,16,20,0B*1A
$GPHPD,2058,119105.400,269.460,-1.450,180.168,31.1295287,120.6620519,12.88,-5.172,-0.015,0.099,-1.000,16,20,0B*3A
$GPHPD,2058,119105.400,269.460,-1.450,180.168,31.1295287,120.6620519,12.88,-5.172,-0.015,0.099,-1.000,16,20,0B*3A
$GPHPD,2058,119105.600,269.359,-1.346,179.810,31.1295288,120.6620413,12.87,-5.094,0.017,0.012,-1.000,16,20,0B*1B
$GPHPD,2058,119105.600,269.359,-1.346,179.810,31.1295288,120.6620413,12.87,-5.094,0.017,0.012,-1.000,16,20,0B*1B
$GPHPD,2058,119105.800,269.768,-1.662,180.566,31.1295287,120.6620306,12.86,-5.200,-0.051,-0.028,-1.000,16,20,0B*13
$GPHPD,2058,119105.800,269.768,-1.662,180.566,31.1295287,120.6620306,12.86,-5.200,-0.051,-0.028,-1.000,16,20,0B*13
$GPHPD,2058,119106.000,269.413,-1.376,180.219,31.1295287,120.6620198,12.87,-5.093,-0.020,0.110,-1.000,16,20,0B*35
$GPHPD,2058,119106.000,269.413,-1.376,180.219,31.1295287,120.6620198,12.87,-5.093,-0.020,0.110,-1.000,16,20,0B*35
$GPHPD,2058,119106.200,269.874,-1.783,180.765,31.1295287,120.6620091,12.86,-5.037,-0.067,-0.157,-1.000,16,20,0B*10
$GPHPD,2058,119106.200,269.874,-1.783,180.765,31.1295287,120.6620091,12.86,-5.037,-0.067,-0.157,-1.000,16,20,0B*10
$GPHPD,2058,119106.400,269.230,-1.855,179.642,31.1295288,120.6619985,12.86,-5.153,0.032,-0.015,-1.000,16,20,0B*3A
$GPHPD,2058,119106.400,269.230,-1.855,179.642,31.1295288,120.6619985,12.86,-5.153,0.032,-0.015,-1.000,16,20,0B*3A
$GPHPD,2058,119106.600,269.758,-1.651,180.632,31.1295288,120.6619879,12.84,-5.099,-0.056,-0.269,-1.000,16,20,0B*19
$GPHPD,2058,119106.600,269.758,-1.651,180.632,31.1295288,120.6619879,12.84,-5.099,-0.056,-0.269,-1.000,16,20,0B*19
$GPHPD,2058,119106.800,269.444,-1.315,179.861,31.1295288,120.6619771,12.85,-5.133,0.012,-0.049,-1.000,16,20,0B*38
$GPHPD,2058,119106.800,269.444,-1.315,179.861,31.1295288,120.6619771,12.85,-5.133,0.012,-0.049,-1.000,16,20,0B*38
$GPHPD,2058,119107.000,269.374,-1.010,180.082,31.1295288,120.6619665,12.87,-5.047,-0.007,-0.047,-1.000,16,20,0B*13
$GPHPD,2058,119107.000,269.374,-1.010,180.082,31.1295288,120.6619665,12.87,-5.047,-0.007,-0.047,-1.000,16,20,0B*13
$GPHPD,2058,119107.200,269.268,-1.662,180.546,31.1295287,120.6619559,12.85,-5.038,-0.048,-0.060,-1.000,16,21,0B*15
$GPHPD,2058,119107.200,269.268,-1.662,180.546,31.1295287,120.6619559,12.85,-5.038,-0.048,-0.060,-1.000,16,21,0B*15
$GPHPD,2058,119107.400,269.384,-1.347,180.556,31.1295287,120.6619453,12.86,-5.077,-0.049,0.051,-1.000,16,21,0B*3E
$GPHPD,2058,119107.400,269.384,-1.347,180.556,31.1295287,120.6619453,12.86,-5.077,-0.049,0.051,-1.000,16,21,0B*3E
$GPHPD,2058,119107.600,269.242,-0.760,179.700,31.1295287,120.6619347,12.86,-5.039,0.026,-0.056,-1.000,16,21,0B*36
$GPHPD,2058,119107.600,269.242,-0.760,179.700,31.1295287,120.6619347,12.86,-5.039,0.026,-0.056,-1.000,16,21,0B*36
$GPHPD,2058,119107.800,268.879,-0.162,180.320,31.1295287,120.6619241,12.86,-5.049,-0.028,0.045,-1.000,16,21,0B*33
$GPHPD,2058,119107.800,268.879,-0.162,180.320,31.1295287,120.6619241,12.86,-5.049,-0.028,0.045,-1.000,16,21,0B*33
$GPHPD,2058,119108.000,269.070,-1.079,179.363,31.1295287,120.6619135,12.87,-5.050,0.056,0.124,-1.000,16,21,0B*14
$GPHPD,2058,119108.000,269.070,-1.079,179.363,31.1295287,120.6619135,12.87,-5.050,0.056,0.124,-1.000,16,21,0B*14
$GPHPD,2058,119108.200,269.065,-1.729,180.337,31.1295287,120.6619029,12.86,-5.025,-0.030,0.076,-1.000,16,21,0B*33
$GPHPD,2058,119108.200,269.065,-1.729,180.337,31.1295287,120.6619029,12.86,-5.025,-0.030,0.076,-1.000,16,21,0B*33
$GPHPD,2058,119108.400,269.097,-1.366,180.114,31.1295287,120.6618923,12.86,-5.044,-0.010,-0.142,-1.000,16,21,0B*18
$GPHPD,2058,119108.400,269.097,-1.366,180.114,31.1295287,120.6618923,12.86,-5.044,-0.010,-0.142,-1.000,16,21,0B*18
$GPHPD,2058,119108.600,269.334,-0.830,180.154,31.1295287,120.6618817,12.86,-5.085,-0.014,0.009,-1.000,16,21,0B*31
$GPHPD,2058,119108.600,269.334,-0.830,180.154,31.1295287,120.6618817,12.86,-5.085,-0.014,0.009,-1.000,16,21,0B*31
$GPHPD,2058,119108.800,269.100,-0.720,180.086,31.1295287,120.6618710,12.85,-5.085,-0.008,-0.016,-1.000,16,21,0B*1F
$GPHPD,2058,119108.800,269.100,-0.720,180.086,31.1295287,120.6618710,12.85,-5.085,-0.008,-0.016,-1.000,16,21,0B*1F
$GPHPD,2058,119109.000,269.199,-1.145,179.924,31.1295287,120.6618603,12.86,-5.080,0.007,-0.053,-1.000,16,21,0B*33
$GPHPD,2058,119109.000,269.199,-1.145,179.924,31.1295287,120.6618603,12.86,-5.080,0.007,-0.053,-1.000,16,21,0B*33
$GPHPD,2058,119109.200,269.125,-1.052,180.696,31.1295286,120.6618496,12.86,-5.116,-0.062,0.079,-1.000,16,21,0B*3B
$GPHPD,2058,119109.200,269.125,-1.052,180.696,31.1295286,120.6618496,12.86,-5.116,-0.062,0.079,-1.000,16,21,0B*3B
$GPHPD,2058,119109.400,269.322,-0.806,179.665,31.1295287,120.6618390,12.85,-5.069,0.030,-0.041,-1.000,16,21,0B*3C
$GPHPD,2058,119109.400,269.322,-0.806,179.665,31.1295287,120.6618390,12.85,-5.069,0.030,-0.041,-1.000,16,21,0B*3C
$GPHPD,2058,119109.600,269.385,-1.298,180.167,31.1295286,120.6618283,12.86,-5.092,-0.015,-0.082,-1.000,16,21,0B*1C
$GPHPD,2058,119109.600,269.385,-1.298,180.167,31.1295286,120.6618283,12.86,-5.092,-0.015,-0.082,-1.000,16,21,0B*1C
$GPHPD,2058,119109.800,269.469,-1.696,179.754,31.1295286,120.6618177,12.85,-5.016,0.022,-0.063,-1.000,16,20,0B*3D
$GPHPD,2058,119109.800,269.469,-1.696,179.754,31.1295286,120.6618177,12.85,-5.016,0.022,-0.063,-1.000,16,20,0B*3D
$GPHPD,2058,119110.000,269.254,-0.130,179.864,31.1295286,120.6618070,12.86,-5.116,0.012,0.081,-1.000,16,20,0B*15
$GPHPD,2058,119110.000,269.254,-0.130,179.864,31.1295286,120.6618070,12.86,-5.116,0.012,0.081,-1.000,16,20,0B*15
$GPHPD,2058,119110.200,269.356,-1.627,179.694,31.1295287,120.6617963,12.85,-5.106,0.027,0.043,-1.000,16,20,0B*1A
$GPHPD,2058,119110.200,269.356,-1.627,179.694,31.1295287,120.6617963,12.85,-5.106,0.027,0.043,-1.000,16,20,0B*1A
$GPHPD,2058,119110.400,269.190,-1.613,180.026,31.1295287,120.6617857,12.84,-5.058,-0.002,-0.099,-1.000,16,20,0B*17
$GPHPD,2058,119110.400,269.190,-1.613,180.026,31.1295287,120.6617857,12.84,-5.058,-0.002,-0.099,-1.000,16,20,0B*17
$GPHPD,2058,119110.600,269.044,-1.531,179.718,31.1295287,120.6617750,12.84,-5.033,0.025,-0.122,-1.000,16,20,0B*3E
$GPHPD,2058,119110.600,269.044,-1.531,179.718,31.1295287,120.6617750,12.84,-5.033,0.025,-0.122,-1.000,16,20,0B*3E
$GPHPD,2058,119110.800,269.013,0.198,179.638,31.1295288,120.6617643,12.83,-5.094,0.032,-0.055,-1.000,16,20,0B*1B
$GPHPD,2058,119110.800,269.013,0.198,179.638,31.1295288,120.6617643,12.83,-5.094,0.032,-0.055,-1.000,16,20,0B*1B
$GPHPD,2058,119111.000,269.163,-2.688,180.631,31.1295287,120.6617536,12.82,-5.097,-0.056,-0.011,-1.000,16,20,0B*11
$GPHPD,2058,119111.000,269.163,-2.688,180.631,31.1295287,120.6617536,12.82,-5.097,-0.056,-0.011,-1.000,16,20,0B*11
$GPHPD,2058,119111.200,269.246,-0.442,179.989,31.1295288,120.6617429,12.81,-5.073,0.001,-0.081,-1.000,16,20,0B*34
$GPHPD,2058,119111.200,269.246,-0.442,179.989,31.1295288,120.6617429,12.81,-5.073,0.001,-0.081,-1.000,16,20,0B*34
$GPHPD,2058,119111.400,269.173,-1.237,180.367,31.1295288,120.6617322,12.81,-5.069,-0.032,-0.144,-1.000,16,20,0B*1C
$GPHPD,2058,119111.400,269.173,-1.237,180.367,31.1295288,120.6617322,12.81,-5.069,-0.032,-0.144,-1.000,16,20,0B*1C
$GPHPD,2058,119111.600,269.366,-0.525,180.017,31.1295288,120.6617214,12.83,-5.140,-0.002,0.101,-1.000,16,21,0B*3B
$GPHPD,2058,119111.600,269.366,-0.525,180.017,31.1295288,120.6617214,12.83,-5.140,-0.002,0.101,-1.000,16,21,0B*3B
$GPHPD,2058,119111.800,269.218,-2.180,179.389,31.1295289,120.6617106,12.82,-5.136,0.055,0.017,-1.000,17,21,0B*1F
$GPHPD,2058,119111.800,269.218,-2.180,179.389,31.1295289,120.6617106,12.82,-5.136,0.055,0.017,-1.000,17,21,0B*1F
$GPHPD,2058,119112.000,269.142,-1.012,179.938,31.1295289,120.6616999,12.81,-5.061,0.005,-0.011,-1.000,17,21,0B*30
$GPHPD,2058,119112.000,269.142,-1.012,179.938,31.1295289,120.6616999,12.81,-5.061,0.005,-0.011,-1.000,17,21,0B*30
$GPHPD,2058,119112.200,268.921,-0.914,179.528,31.1295290,120.6616892,12.81,-5.126,0.042,0.058,-1.000,17,21,0B*1E
$GPHPD,2058,119112.200,268.921,-0.914,179.528,31.1295290,120.6616892,12.81,-5.126,0.042,0.058,-1.000,17,21,0B*1E
$GPHPD,2058,119112.400,269.616,-1.771,179.233,31.1295290,120.6616783,12.81,-5.178,0.069,0.005,-1.000,17,21,0B*16
$GPHPD,2058,119112.400,269.616,-1.771,179.233,31.1295290,120.6616783,12.81,-5.178,0.069,0.005,-1.000,17,21,0B*16
$GPHPD,2058,119112.600,269.555,-0.960,179.441,31.1295291,120.6616675,12.81,-5.177,0.051,0.051,-1.000,17,21,0B*10
$GPHPD,2058,119112.600,269.555,-0.960,179.441,31.1295291,120.6616675,12.81,-5.177,0.051,0.051,-1.000,17,21,0B*10
$GPHPD,2058,119112.800,269.499,-1.173,179.236,31.1295292,120.6616567,12.81,-5.209,0.069,0.024,-1.000,17,21,0B*12
$GPHPD,2058,119112.800,269.499,-1.173,179.236,31.1295292,120.6616567,12.81,-5.209,0.069,0.024,-1.000,17,21,0B*12
$GPHPD,2058,119113.000,269.710,-1.513,179.240,31.1295293,120.6616459,12.80,-5.125,0.068,-0.060,-1.000,17,21,0B*37
$GPHPD,2058,119113.000,269.710,-1.513,179.240,31.1295293,120.6616459,12.80,-5.125,0.068,-0.060,-1.000,17,21,0B*37
$GPHPD,2058,119113.200,269.410,-1.111,178.642,31.1295294,120.6616351,12.81,-5.145,0.122,0.043,-1.000,17,21,0B*1B
$GPHPD,2058,119113.200,269.410,-1.111,178.642,31.1295294,120.6616351,12.81,-5.145,0.122,0.043,-1.000,17,21,0B*1B
$GPHPD,2058,119113.400,269.479,-0.002,180.014,31.1295294,120.6616242,12.81,-5.153,-0.001,0.127,-1.000,17,21,0B*38
$GPHPD,2058,119113.400,269.479,-0.002,180.014,31.1295294,120.6616242,12.81,-5.153,-0.001,0.127,-1.000,17,21,0B*38
$GPHPD,2058,119113.600,269.719,-0.726,176.854,31.1295297,120.6616133,12.80,-5.248,0.288,-0.046,-1.000,17,21,0B*30
$GPHPD,2058,119113.600,269.719,-0.726,176.854,31.1295297,120.6616133,12.80,-5.248,0.288,-0.046,-1.000,17,21,0B*30
$GPHPD,2058,119113.800,270.308,-1.902,179.641,31.1295296,120.6616028,12.81,-5.138,0.032,0.079,-1.000,17,20,0B*12
$GPHPD,2058,119113.800,270.308,-1.902,179.641,31.1295296,120.6616028,12.81,-5.138,0.032,0.079,-1.000,17,20,0B*12
$GPHPD,2058,119114.000,269.723,-0.741,177.282,31.1295300,120.6615922,12.79,-4.978,0.236,-0.151,-1.000,17,20,0B*31
$GPHPD,2058,119114.000,269.723,-0.741,177.282,31.1295300,120.6615922,12.79,-4.978,0.236,-0.151,-1.000,17,20,0B*31
$GPHPD,2058,119114.200,269.751,-2.271,179.112,31.1295298,120.6615814,12.81,-5.017,0.078,-0.025,-1.000,13,20,0B*3A
$GPHPD,2058,119114.200,269.751,-2.271,179.112,31.1295298,120.6615814,12.81,-5.017,0.078,-0.025,-1.000,13,20,0B*3A
$GPHPD,2058,119114.400,270.149,-21.402,179.988,31.1295300,120.6615708,12.80,-5.054,0.001,0.020,-1.000,11,20,0B*23
$GPHPD,2058,119114.400,270.149,-21.402,179.988,31.1295300,120.6615708,12.80,-5.054,0.001,0.020,-1.000,11,20,0B*23
$GPHPD,2058,119114.600,270.061,-8.200,178.947,31.1295301,120.6615603,12.80,-5.002,0.092,0.073,-1.000,11,20,0B*13
$GPHPD,2058,119114.600,270.061,-8.200,178.947,31.1295301,120.6615603,12.80,-5.002,0.092,0.073,-1.000,11,20,0B*13
$GPHPD,2058,119114.800,270.082,1.625,179.764,31.1295302,120.6615500,12.80,-4.905,0.020,-0.044,-1.000,11,20,0B*15
$GPHPD,2058,119114.800,270.082,1.625,179.764,31.1295302,120.6615500,12.80,-4.905,0.020,-0.044,-1.000,11,20,0B*15
$GPHPD,2058,119115.000,270.060,5.569,178.940,31.1295303,120.6615396,12.80,-4.985,0.092,-0.022,-1.000,11,20,0B*1F
$GPHPD,2058,119115.000,270.060,5.569,178.940,31.1295303,120.6615396,12.80,-4.985,0.092,-0.022,-1.000,11,20,0B*1F
$GPHPD,2058,119115.200,270.562,3.754,179.026,31.1295305,120.6615292,12.80,-4.979,0.085,0.016,-1.000,11,20,0B*34
$GPHPD,2058,119115.200,270.562,3.754,179.026,31.1295305,120.6615292,12.80,-4.979,0.085,0.016,-1.000,11,20,0B*34
$GPHPD,2058,119115.400,270.241,-5.906,179.192,31.1295307,120.6615190,12.81,-4.838,0.068,0.027,-1.000,11,20,0B*1F
$GPHPD,2058,119115.400,270.241,-5.906,179.192,31.1295307,120.6615190,12.81,-4.838,0.068,0.027,-1.000,11,20,0B*1F
$GPHPD,2058,119115.600,270.649,1.049,178.912,31.1295309,120.6615087,12.81,-4.888,0.093,-0.033,-1.000,11,20,0B*15
$GPHPD,2058,119115.600,270.649,1.049,178.912,31.1295309,120.6615087,12.81,-4.888,0.093,-0.033,-1.000,11,20,0B*15
$GPHPD,2058,119115.800,270.705,-7.545,178.930,31.1295310,120.6614984,12.81,-4.897,0.091,-0.076,-1.000,11,20,0B*3E
$GPHPD,2058,119115.800,270.705,-7.545,178.930,31.1295310,120.6614984,12.81,-4.897,0.091,-0.076,-1.000,11,20,0B*3E
$GPHPD,2058,119116.000,270.306,-6.386,179.012,31.1295311,120.6614884,12.82,-4.798,0.083,0.016,-1.000,11,21,0B*18
$GPHPD,2058,119116.000,270.306,-6.386,179.012,31.1295311,120.6614884,12.82,-4.798,0.083,0.016,-1.000,11,21,0B*18
$GPHPD,2058,119116.200,270.427,2.747,179.625,31.1295313,120.6614787,12.81,-4.557,0.030,-0.037,-1.000,11,21,0B*16
$GPHPD,2058,119116.200,270.427,2.747,179.625,31.1295313,120.6614787,12.81,-4.557,0.030,-0.037,-1.000,11,21,0B*16
$GPHPD,2058,119116.400,270.395,-3.415,179.195,31.1295314,120.6614694,12.81,-4.377,0.061,0.026,-1.000,11,21,0B*13
$GPHPD,2058,119116.400,270.395,-3.415,179.195,31.1295314,120.6614694,12.81,-4.377,0.061,0.026,-1.000,11,21,0B*13
$GPHPD,2058,119116.600,269.650,9.502,179.540,31.1295315,120.6614604,12.81,-4.225,0.034,0.019,-1.000,11,21,0B*3B
$GPHPD,2058,119116.600,269.650,9.502,179.540,31.1295315,120.6614604,12.81,-4.225,0.034,0.019,-1.000,11,21,0B*3B
$GPHPD,2058,119116.800,269.963,2.207,179.472,31.1295316,120.6614517,12.82,-4.080,0.038,0.037,-1.000,10,21,0B*3E
$GPHPD,2058,119116.800,269.963,2.207,179.472,31.1295316,120.6614517,12.82,-4.080,0.038,0.037,-1.000,10,21,0B*3E
$GPHPD,2058,119117.000,269.867,4.133,179.690,31.1295317,120.6614432,12.81,-4.054,0.022,-0.038,-1.000,10,21,0B*1A
$GPHPD,2058,119117.000,269.867,4.133,179.690,31.1295317,120.6614432,12.81,-4.054,0.022,-0.038,-1.000,10,21,0B*1A
$GPHPD,2058,119117.200,269.735,4.975,179.968,31.1295317,120.6614349,12.81,-3.914,0.002,-0.103,-1.000,10,21,0B*18
$GPHPD,2058,119117.200,269.735,4.975,179.968,31.1295317,120.6614349,12.81,-3.914,0.002,-0.103,-1.000,10,21,0B*18
$GPHPD,2058,119117.400,269.482,-0.778,179.943,31.1295317,120.6614266,12.80,-3.881,0.004,-0.043,-1.000,10,21,0B*31
$GPHPD,2058,119117.400,269.482,-0.778,179.943,31.1295317,120.6614266,12.80,-3.881,0.004,-0.043,-1.000,10,21,0B*31
$GPHPD,2058,119117.600,269.533,2.139,180.035,31.1295317,120.6614184,12.80,-3.914,-0.002,-0.097,-1.000,10,21,0B*3A
$GPHPD,2058,119117.600,269.533,2.139,180.035,31.1295317,120.6614184,12.80,-3.914,-0.002,-0.097,-1.000,10,21,0B*3A
$GPHPD,2058,119117.800,269.186,6.090,179.565,31.1295318,120.6614104,12.81,-3.834,0.029,0.164,-1.000,10,21,0B*3F
$GPHPD,2058,119117.800,269.186,6.090,179.565,31.1295318,120.6614104,12.81,-3.834,0.029,0.164,-1.000,10,21,0B*3F
$GPHPD,2058,119118.000,269.071,-2.273,180.348,31.1295317,120.6614025,12.81,-3.709,-0.023,-0.037,-1.000,10,21,0B*19
$GPHPD,2058,119118.000,269.071,-2.273,180.348,31.1295317,120.6614025,12.81,-3.709,-0.023,-0.037,-1.000,10,21,0B*19
$GPHPD,2058,119118.200,269.163,5.153,180.211,31.1295317,120.6613950,12.81,-3.511,-0.013,-0.053,-1.000,10,21,0B*39
$GPHPD,2058,119118.200,269.163,5.153,180.211,31.1295317,120.6613950,12.81,-3.511,-0.013,-0.053,-1.000,10,21,0B*39
$GPHPD,2058,119118.400,268.922,-0.138,180.863,31.1295316,120.6613877,12.81,-3.399,-0.051,0.042,-1.000,10,21,0B*31
$GPHPD,2058,119118.400,268.922,-0.138,180.863,31.1295316,120.6613877,12.81,-3.399,-0.051,0.042,-1.000,10,21,0B*31
$GPHPD,2058,119118.600,268.696,5.648,181.325,31.1295315,120.6613809,12.82,-3.236,-0.075,0.060,-1.000,10,21,0B*18
$GPHPD,2058,119118.600,268.696,5.648,181.325,31.1295315,120.6613809,12.82,-3.236,-0.075,0.060,-1.000,10,21,0B*18
$GPHPD,2058,119118.800,268.582,0.564,180.838,31.1295314,120.6613744,12.82,-3.076,-0.045,-0.014,-1.000,10,21,0B*32
$GPHPD,2058,119118.800,268.582,0.564,180.838,31.1295314,120.6613744,12.82,-3.076,-0.045,-0.014,-1.000,10,21,0B*32
$GPHPD,2058,119119.000,268.190,-1.987,181.342,31.1295313,120.6613683,12.81,-2.918,-0.068,0.084,-1.000,10,21,0B*33
$GPHPD,2058,119119.000,268.190,-1.987,181.342,31.1295313,120.6613683,12.81,-2.918,-0.068,0.084,-1.000,10,21,0B*33
$GPHPD,2058,119119.200,268.117,3.365,181.099,31.1295312,120.6613624,12.80,-2.746,-0.053,0.006,-1.000,10,21,0B*18
$GPHPD,2058,119119.200,268.117,3.365,181.099,31.1295312,120.6613624,12.80,-2.746,-0.053,0.006,-1.000,10,21,0B*18
$GPHPD,2058,119119.400,268.015,2.472,182.014,31.1295310,120.6613568,12.80,-2.665,-0.094,-0.015,-1.000,10,21,0B*36
$GPHPD,2058,119119.400,268.015,2.472,182.014,31.1295310,120.6613568,12.80,-2.665,-0.094,-0.015,-1.000,10,21,0B*36
$GPHPD,2058,119119.600,267.683,-0.795,182.069,31.1295309,120.6613516,12.80,-2.444,-0.088,-0.045,-1.000,16,21,0B*13
$GPHPD,2058,119119.600,267.683,-0.795,182.069,31.1295309,120.6613516,12.80,-2.444,-0.088,-0.045,-1.000,16,21,0B*13
$GPHPD,2058,119119.800,267.300,-0.353,181.441,31.1295307,120.6613467,12.79,-2.296,-0.058,-0.058,-1.000,16,21,0B*17
$GPHPD,2058,119119.800,267.300,-0.353,181.441,31.1295307,120.6613467,12.79,-2.296,-0.058,-0.058,-1.000,16,21,0B*17
$GPHPD,2058,119120.000,266.912,-0.657,184.715,31.1295305,120.6613420,12.79,-2.153,-0.178,-0.003,-1.000,16,21,0B*1D
$GPHPD,2058,119120.000,266.912,-0.657,184.715,31.1295305,120.6613420,12.79,-2.153,-0.178,-0.003,-1.000,16,21,0B*1D
$GPHPD,2058,119120.200,266.038,-1.179,184.177,31.1295302,120.6613377,12.79,-1.992,-0.145,-0.025,-1.000,16,21,0B*18
$GPHPD,2058,119120.200,266.038,-1.179,184.177,31.1295302,120.6613377,12.79,-1.992,-0.145,-0.025,-1.000,16,21,0B*18
$GPHPD,2058,119120.400,265.393,-0.063,185.880,31.1295299,120.6613336,12.79,-1.902,-0.196,-0.012,-1.000,16,21,0B*11
$GPHPD,2058,119120.400,265.393,-0.063,185.880,31.1295299,120.6613336,12.79,-1.902,-0.196,-0.012,-1.000,16,21,0B*11
$GPHPD,2058,119120.600,264.262,-0.865,186.087,31.1295295,120.6613298,12.79,-1.795,-0.191,-0.041,-1.000,16,21,0B*17
$GPHPD,2058,119120.600,264.262,-0.865,186.087,31.1295295,120.6613298,12.79,-1.795,-0.191,-0.041,-1.000,16,21,0B*17
$GPHPD,2058,119120.800,263.319,-0.471,188.262,31.1295290,120.6613261,12.79,-1.757,-0.255,0.025,-1.000,16,21,0B*34
$GPHPD,2058,119120.800,263.319,-0.471,188.262,31.1295290,120.6613261,12.79,-1.757,-0.255,0.025,-1.000,16,21,0B*34
$GPHPD,2058,119121.000,262.303,-1.110,189.913,31.1295285,120.6613223,12.79,-1.834,-0.321,0.018,-1.000,16,21,0B*3C
$GPHPD,2058,119121.000,262.303,-1.110,189.913,31.1295285,120.6613223,12.79,-1.834,-0.321,0.018,-1.000,16,21,0B*3C
$GPHPD,2058,119121.200,260.922,0.063,191.368,31.1295278,120.6613183,12.79,-1.967,-0.395,-0.020,-1.000,16,21,0B*36
$GPHPD,2058,119121.200,260.922,0.063,191.368,31.1295278,120.6613183,12.79,-1.967,-0.395,-0.020,-1.000,16,21,0B*36
$GPHPD,2058,119121.400,259.545,-0.495,192.731,31.1295270,120.6613139,12.79,-2.136,-0.483,0.011,-1.000,16,21,0B*35
$GPHPD,2058,119121.400,259.545,-0.495,192.731,31.1295270,120.6613139,12.79,-2.136,-0.483,0.011,-1.000,16,21,0B*35
$GPHPD,2058,119121.600,257.499,-0.166,196.156,31.1295259,120.6613093,12.79,-2.266,-0.656,-0.054,-1.000,16,21,0B*19
$GPHPD,2058,119121.600,257.499,-0.166,196.156,31.1295259,120.6613093,12.79,-2.266,-0.656,-0.054,-1.000,16,21,0B*19
$GPHPD,2058,119121.800,255.495,-0.576,196.729,31.1295246,120.6613043,12.79,-2.407,-0.723,0.005,-1.000,16,21,0B*3A
$GPHPD,2058,119121.800,255.495,-0.576,196.729,31.1295246,120.6613043,12.79,-2.407,-0.723,0.005,-1.000,16,21,0B*3A
$GPHPD,2058,119122.000,253.264,-1.076,199.467,31.1295231,120.6612991,12.79,-2.519,-0.890,-0.028,-1.000,16,21,0B*11
$GPHPD,2058,119122.000,253.264,-1.076,199.467,31.1295231,120.6612991,12.79,-2.519,-0.890,-0.028,-1.000,16,21,0B*11
$GPHPD,2058,119122.200,250.619,-1.011,203.178,31.1295212,120.6612937,12.79,-2.579,-1.104,-0.043,-1.000,16,21,0B*17
$GPHPD,2058,119122.200,250.619,-1.011,203.178,31.1295212,120.6612937,12.79,-2.579,-1.104,-0.043,-1.000,16,21,0B*17
$GPHPD,2058,119122.400,247.654,-1.422,205.288,31.1295190,120.6612883,12.79,-2.597,-1.227,0.047,-1.000,16,21,0B*3C
$GPHPD,2058,119122.400,247.654,-1.422,205.288,31.1295190,120.6612883,12.79,-2.597,-1.227,0.047,-1.000,16,21,0B*3C
$GPHPD,2058,119122.600,244.329,-1.376,210.537,31.1295164,120.6612832,12.78,-2.430,-1.434,-0.063,-1.000,17,21,0B*11
$GPHPD,2058,119122.600,244.329,-1.376,210.537,31.1295164,120.6612832,12.78,-2.430,-1.434,-0.063,-1.000,17,21,0B*11
$GPHPD,2058,119122.800,240.693,-0.708,213.613,31.1295137,120.6612782,12.78,-2.262,-1.504,-0.080,-1.000,17,21,0B*19
$GPHPD,2058,119122.800,240.693,-0.708,213.613,31.1295137,120.6612782,12.78,-2.262,-1.504,-0.080,-1.000,17,21,0B*19
$GPHPD,2058,119123.000,237.422,-1.053,214.924,31.1295109,120.6612735,12.77,-2.268,-1.584,-0.020,-1.000,17,21,0B*1A
$GPHPD,2058,119123.000,237.422,-1.053,214.924,31.1295109,120.6612735,12.77,-2.268,-1.584,-0.020,-1.000,17,21,0B*1A
$GPHPD,2058,119123.200,234.264,-1.319,220.522,31.1295079,120.6612692,12.76,-2.007,-1.716,0.063,-1.000,17,21,0B*3C
$GPHPD,2058,119123.200,234.264,-1.319,220.522,31.1295079,120.6612692,12.76,-2.007,-1.716,0.063,-1.000,17,21,0B*3C
$GPHPD,2058,119123.400,230.868,-1.257,223.239,31.1295047,120.6612652,12.76,-1.873,-1.762,-0.004,-1.000,17,21,0B*1B
$GPHPD,2058,119123.400,230.868,-1.257,223.239,31.1295047,120.6612652,12.76,-1.873,-1.762,-0.004,-1.000,17,21,0B*1B
$GPHPD,2058,119123.600,227.613,-0.910,226.284,31.1295013,120.6612615,12.76,-1.777,-1.858,0.027,-1.000,17,21,0B*34
$GPHPD,2058,119123.600,227.613,-0.910,226.284,31.1295013,120.6612615,12.76,-1.777,-1.858,0.027,-1.000,17,21,0B*34
$GPHPD,2058,119123.800,224.221,-0.615,230.737,31.1294978,120.6612580,12.76,-1.609,-1.968,0.012,-1.000,17,21,0B*3A
$GPHPD,2058,119123.800,224.221,-0.615,230.737,31.1294978,120.6612580,12.76,-1.609,-1.968,0.012,-1.000,17,21,0B*3A
$GPHPD,2058,119124.000,220.856,-0.526,234.663,31.1294940,120.6612548,12.76,-1.470,-2.074,0.027,-1.000,17,21,0B*3E
$GPHPD,2058,119124.000,220.856,-0.526,234.663,31.1294940,120.6612548,12.76,-1.470,-2.074,0.027,-1.000,17,21,0B*3E
$GPHPD,2058,119124.200,217.283,-0.541,236.783,31.1294902,120.6612518,12.75,-1.401,-2.140,-0.047,-1.000,17,21,0B*1D
$GPHPD,2058,119124.200,217.283,-0.541,236.783,31.1294902,120.6612518,12.75,-1.401,-2.140,-0.047,-1.000,17,21,0B*1D
$GPHPD,2058,119124.400,213.749,-0.323,240.400,31.1294863,120.6612491,12.74,-1.245,-2.191,-0.013,-1.000,17,21,0B*1B
$GPHPD,2058,119124.400,213.749,-0.323,240.400,31.1294863,120.6612491,12.74,-1.245,-2.191,-0.013,-1.000,17,21,0B*1B
$GPHPD,2058,119124.600,210.774,-0.107,244.852,31.1294823,120.6612468,12.74,-1.065,-2.268,-0.081,-1.000,17,21,0B*13
$GPHPD,2058,119124.600,210.774,-0.107,244.852,31.1294823,120.6612468,12.74,-1.065,-2.268,-0.081,-1.000,17,21,0B*13
$GPHPD,2058,119124.800,207.528,-0.032,246.658,31.1294782,120.6612447,12.75,-0.972,-2.253,-0.041,-1.000,17,21,0B*13
$GPHPD,2058,119124.800,207.528,-0.032,246.658,31.1294782,120.6612447,12.75,-0.972,-2.253,-0.041,-1.000,17,21,0B*13
$GPHPD,2058,119125.000,204.368,-0.969,250.859,31.1294740,120.6612429,12.75,-0.810,-2.335,-0.041,-1.000,17,21,0B*16
$GPHPD,2058,119125.000,204.368,-0.969,250.859,31.1294740,120.6612429,12.75,-0.810,-2.335,-0.041,-1.000,17,21,0B*16
$GPHPD,2058,119125.200,201.067,0.384,253.690,31.1294697,120.6612413,12.75,-0.691,-2.363,0.044,-1.000,17,21,0B*1F
$GPHPD,2058,119125.200,201.067,0.384,253.690,31.1294697,120.6612413,12.75,-0.691,-2.363,0.044,-1.000,17,21,0B*1F
$GPHPD,2058,119125.400,197.696,1.345,256.890,31.1294654,120.6612401,12.74,-0.557,-2.392,-0.036,-1.000,17,21,0B*38
$GPHPD,2058,119125.400,197.696,1.345,256.890,31.1294654,120.6612401,12.74,-0.557,-2.392,-0.036,-1.000,17,21,0B*38
$GPHPD,2058,119125.600,194.521,1.109,260.260,31.1294611,120.6612392,12.75,-0.418,-2.436,0.042,-1.000,17,21,0B*1C
$GPHPD,2058,119125.600,194.521,1.109,260.260,31.1294611,120.6612392,12.75,-0.418,-2.436,0.042,-1.000,17,21,0B*1C
$GPHPD,2058,119125.800,190.957,0.337,263.237,31.1294567,120.6612386,12.75,-0.289,-2.437,-0.053,-1.000,17,21,0B*31
$GPHPD,2058,119125.800,190.957,0.337,263.237,31.1294567,120.6612386,12.75,-0.289,-2.437,-0.053,-1.000,17,21,0B*31
$GPHPD,2058,119126.000,187.863,0.441,266.411,31.1294523,120.6612382,12.74,-0.152,-2.426,-0.026,-1.000,17,21,0B*39
$GPHPD,2058,119126.000,187.863,0.441,266.411,31.1294523,120.6612382,12.74,-0.152,-2.426,-0.026,-1.000,17,21,0B*39
$GPHPD,2058,119126.200,184.706,0.623,269.921,31.1294478,120.6612381,12.74,-0.003,-2.456,0.021,-1.000,17,21,0B*17
$GPHPD,2058,119126.200,184.706,0.623,269.921,31.1294478,120.6612381,12.74,-0.003,-2.456,0.021,-1.000,17,21,0B*17
$GPHPD,2058,119126.400,181.375,0.193,273.506,31.1294435,120.6612384,12.75,0.148,-2.415,0.070,-1.000,17,21,0B*37
$GPHPD,2058,119126.400,181.375,0.193,273.506,31.1294435,120.6612384,12.75,0.148,-2.415,0.070,-1.000,17,21,0B*37
$GPHPD,2058,119126.600,178.488,-1.022,276.578,31.1294391,120.6612389,12.74,0.281,-2.433,-0.007,-1.000,17,21,0B*37
$GPHPD,2058,119126.600,178.488,-1.022,276.578,31.1294391,120.6612389,12.74,0.281,-2.433,-0.007,-1.000,17,21,0B*37
$GPHPD,2058,119126.800,175.439,-0.255,278.535,31.1294348,120.6612396,12.73,0.359,-2.393,-0.023,-1.000,17,21,0B*38
$GPHPD,2058,119126.800,175.439,-0.255,278.535,31.1294348,120.6612396,12.73,0.359,-2.393,-0.023,-1.000,17,21,0B*38
$GPHPD,2058,119127.000,172.175,0.118,283.373,31.1294305,120.6612407,12.76,0.565,-2.375,0.125,-1.000,17,21,0B*34
$GPHPD,2058,119127.000,172.175,0.118,283.373,31.1294305,120.6612407,12.76,0.565,-2.375,0.125,-1.000,17,21,0B*34
$GPHPD,2058,119127.200,169.172,-0.766,286.195,31.1294263,120.6612420,12.74,0.668,-2.299,-0.103,-1.000,17,21,0B*34
$GPHPD,2058,119127.200,169.172,-0.766,286.195,31.1294263,120.6612420,12.74,0.668,-2.299,-0.103,-1.000,17,21,0B*34
$GPHPD,2058,119127.400,165.642,-0.009,289.260,31.1294222,120.6612437,12.74,0.791,-2.263,0.010,-1.000,17,21,0B*1D
$GPHPD,2058,119127.400,165.642,-0.009,289.260,31.1294222,120.6612437,12.74,0.791,-2.263,0.010,-1.000,17,21,0B*1D
$GPHPD,2058,119127.600,162.281,-0.284,291.594,31.1294181,120.6612455,12.74,0.895,-2.260,-0.035,-1.000,17,21,0B*3D
$GPHPD,2058,119127.600,162.281,-0.284,291.594,31.1294181,120.6612455,12.74,0.895,-2.260,-0.035,-1.000,17,21,0B*3D
$GPHPD,2058,119127.800,159.430,-0.250,295.103,31.1294140,120.6612476,12.74,1.060,-2.262,-0.083,-1.000,17,21,0B*30
$GPHPD,2058,119127.800,159.430,-0.250,295.103,31.1294140,120.6612476,12.74,1.060,-2.262,-0.083,-1.000,17,21,0B*30
$GPHPD,2058,119128.000,156.217,-0.823,298.130,31.1294099,120.6612500,12.74,1.199,-2.243,-0.119,-1.000,17,21,0B*3B
$GPHPD,2058,119128.000,156.217,-0.823,298.130,31.1294099,120.6612500,12.74,1.199,-2.243,-0.119,-1.000,17,21,0B*3B
$GPHPD,2058,119128.200,153.544,-0.412,300.683,31.1294059,120.6612527,12.75,1.322,-2.229,-0.003,-1.000,17,21,0B*30
$GPHPD,2058,119128.200,153.544,-0.412,300.683,31.1294059,120.6612527,12.75,1.322,-2.229,-0.003,-1.000,17,21,0B*30
$GPHPD,2058,119128.400,150.622,0.301,302.573,31.1294019,120.6612556,12.76,1.415,-2.215,0.037,-1.000,17,21,0B*37
$GPHPD,2058,119128.400,150.622,0.301,302.573,31.1294019,120.6612556,12.76,1.415,-2.215,0.037,-1.000,17,21,0B*37
$GPHPD,2058,119128.600,147.912,0.812,306.691,31.1293980,120.6612589,12.76,1.627,-2.184,-0.003,-1.000,17,21,0B*13
$GPHPD,2058,119128.600,147.912,0.812,306.691,31.1293980,120.6612589,12.76,1.627,-2.184,-0.003,-1.000,17,21,0B*13
$GPHPD,2058,119128.800,144.971,-0.506,310.987,31.1293941,120.6612625,12.76,1.819,-2.094,-0.091,-1.000,17,21,0B*31
$GPHPD,2058,119128.800,144.971,-0.506,310.987,31.1293941,120.6612625,12.76,1.819,-2.094,-0.091,-1.000,17,21,0B*31
$GPHPD,2058,119129.000,141.997,-0.837,313.260,31.1293903,120.6612664,12.77,1.899,-2.018,0.038,-1.000,17,21,0B*1B
$GPHPD,2058,119129.000,141.997,-0.837,313.260,31.1293903,120.6612664,12.77,1.899,-2.018,0.038,-1.000,17,21,0B*1B
$GPHPD,2058,119129.200,138.061,-0.249,315.457,31.1293868,120.6612706,12.78,2.024,-1.992,-0.046,-1.000,17,21,0B*37
$GPHPD,2058,119129.200,138.061,-0.249,315.457,31.1293868,120.6612706,12.78,2.024,-1.992,-0.046,-1.000,17,21,0B*37
$GPHPD,2058,119129.400,134.414,-0.210,320.237,31.1293834,120.6612750,12.78,2.143,-1.783,-0.035,-1.000,17,21,0B*31
$GPHPD,2058,119129.400,134.414,-0.210,320.237,31.1293834,120.6612750,12.78,2.143,-1.783,-0.035,-1.000,17,21,0B*31
$GPHPD,2058,119129.600,130.460,-0.543,323.347,31.1293804,120.6612800,12.78,2.339,-1.741,0.179,-1.000,17,21,0B*1C
$GPHPD,2058,119129.600,130.460,-0.543,323.347,31.1293804,120.6612800,12.78,2.339,-1.741,0.179,-1.000,17,21,0B*1C
$GPHPD,2058,119129.800,126.543,-1.150,328.905,31.1293775,120.6612852,12.79,2.517,-1.518,-0.007,-1.000,17,21,0B*3B
$GPHPD,2058,119129.800,126.543,-1.150,328.905,31.1293775,120.6612852,12.79,2.517,-1.518,-0.007,-1.000,17,21,0B*3B
$GPHPD,2058,119130.000,122.819,-0.373,331.932,31.1293749,120.6612908,12.79,2.681,-1.429,0.066,-1.000,17,21,0B*17
$GPHPD,2058,119130.000,122.819,-0.373,331.932,31.1293749,120.6612908,12.79,2.681,-1.429,0.066,-1.000,17,21,0B*17
$GPHPD,2058,119130.200,118.730,0.057,336.651,31.1293726,120.6612967,12.79,2.843,-1.227,0.034,-1.000,17,21,0B*32
$GPHPD,2058,119130.200,118.730,0.057,336.651,31.1293726,120.6612967,12.79,2.843,-1.227,0.034,-1.000,17,21,0B*32
$GPHPD,2058,119130.400,114.633,-0.436,340.142,31.1293706,120.6613029,12.80,2.971,-1.073,0.209,-1.000,17,21,0B*19
$GPHPD,2058,119130.400,114.633,-0.436,340.142,31.1293706,120.6613029,12.80,2.971,-1.073,0.209,-1.000,17,21,0B*19
$GPHPD,2058,119130.600,111.130,-1.634,343.796,31.1293689,120.6613092,12.80,3.050,-0.886,0.001,-1.000,17,21,0B*13
$GPHPD,2058,119130.600,111.130,-1.634,343.796,31.1293689,120.6613092,12.80,3.050,-0.886,0.001,-1.000,17,21,0B*13
$GPHPD,2058,119130.800,107.444,-0.947,347.362,31.1293675,120.6613159,12.80,3.216,-0.721,0.013,-1.000,17,21,0B*19
$GPHPD,2058,119130.800,107.444,-0.947,347.362,31.1293675,120.6613159,12.80,3.216,-0.721,0.013,-1.000,17,21,0B*19
$GPHPD,2058,119131.000,103.484,-0.727,349.583,31.1293664,120.6613228,12.80,3.327,-0.612,-0.052,-1.000,17,21,0B*38
$GPHPD,2058,119131.000,103.484,-0.727,349.583,31.1293664,120.6613228,12.80,3.327,-0.612,-0.052,-1.000,17,21,0B*38
$GPHPD,2058,119131.200,100.357,-0.534,353.935,31.1293656,120.6613301,12.78,3.512,-0.373,-0.071,-1.000,17,21,0B*35
$GPHPD,2058,119131.200,100.357,-0.534,353.935,31.1293656,120.6613301,12.78,3.512,-0.373,-0.071,-1.000,17,21,0B*35
$GPHPD,2058,119131.400,97.736,0.458,353.893,31.1293648,120.6613376,12.79,3.608,-0.386,0.003,-1.000,17,21,0B*00
$GPHPD,2058,119131.400,97.736,0.458,353.893,31.1293648,120.6613376,12.79,3.608,-0.386,0.003,-1.000,17,21,0B*00
$GPHPD,2058,119131.600,95.727,-0.969,354.526,31.1293642,120.6613454,12.78,3.794,-0.364,-0.026,-1.000,17,21,0B*08
$GPHPD,2058,119131.600,95.727,-0.969,354.526,31.1293642,120.6613454,12.78,3.794,-0.364,-0.026,-1.000,17,21,0B*08
$GPHPD,2058,119131.800,94.670,-0.308,355.603,31.1293637,120.6613536,12.78,3.917,-0.301,-0.046,-1.000,17,21,0B*0B
$GPHPD,2058,119131.800,94.670,-0.308,355.603,31.1293637,120.6613536,12.78,3.917,-0.301,-0.046,-1.000,17,21,0B*0B
$GPHPD,2058,119132.000,93.741,-0.420,356.178,31.1293632,120.6613621,12.78,4.096,-0.274,-0.101,-1.000,17,21,0B*07
$GPHPD,2058,119132.000,93.741,-0.420,356.178,31.1293632,120.6613621,12.78,4.096,-0.274,-0.101,-1.000,17,21,0B*07
$GPHPD,2058,119132.200,92.963,-0.057,356.375,31.1293627,120.6613708,12.79,4.160,-0.264,0.086,-1.000,17,21,0B*24
$GPHPD,2058,119132.200,92.963,-0.057,356.375,31.1293627,120.6613708,12.79,4.160,-0.264,0.086,-1.000,17,21,0B*24
$GPHPD,2058,119132.400,92.509,-0.530,357.825,31.1293624,120.6613798,12.79,4.324,-0.164,0.046,-1.000,17,21,0B*2E
$GPHPD,2058,119132.400,92.509,-0.530,357.825,31.1293624,120.6613798,12.79,4.324,-0.164,0.046,-1.000,17,21,0B*2E
$GPHPD,2058,119132.600,91.631,-0.694,358.233,31.1293621,120.6613891,12.79,4.489,-0.138,0.128,-1.000,17,21,0B*2B
$GPHPD,2058,119132.600,91.631,-0.694,358.233,31.1293621,120.6613891,12.79,4.489,-0.138,0.128,-1.000,17,21,0B*2B
$GPHPD,2058,119132.800,90.995,-0.704,358.528,31.1293619,120.6613990,12.79,4.707,-0.121,0.022,-1.000,17,21,0B*2D
$GPHPD,2058,119132.800,90.995,-0.704,358.528,31.1293619,120.6613990,12.79,4.707,-0.121,0.022,-1.000,17,21,0B*2D
$GPHPD,2058,119133.000,90.729,-0.822,358.525,31.1293617,120.6614091,12.80,4.888,-0.126,0.095,-1.000,17,21,0B*2F
$GPHPD,2058,119133.000,90.729,-0.822,358.525,31.1293617,120.6614091,12.80,4.888,-0.126,0.095,-1.000,17,21,0B*2F
$GPHPD,2058,119133.200,90.720,-0.903,358.821,31.1293614,120.6614194,12.80,5.000,-0.103,-0.003,-1.000,17,21,0B*04
$GPHPD,2058,119133.200,90.720,-0.903,358.821,31.1293614,120.6614194,12.80,5.000,-0.103,-0.003,-1.000,17,21,0B*04
$GPHPD,2058,119133.400,90.731,-0.762,358.040,31.1293612,120.6614300,12.80,5.073,-0.174,0.063,-1.000,17,21,0B*22
$GPHPD,2058,119133.400,90.731,-0.762,358.040,31.1293612,120.6614300,12.80,5.073,-0.174,0.063,-1.000,17,21,0B*22
$GPHPD,2058,119133.600,90.803,-0.493,358.738,31.1293610,120.6614407,12.81,5.099,-0.112,0.007,-1.000,17,21,0B*2E
$GPHPD,2058,119133.600,90.803,-0.493,358.738,31.1293610,120.6614407,12.81,5.099,-0.112,0.007,-1.000,17,21,0B*2E
$GPHPD,2058,119133.800,90.868,-0.745,358.397,31.1293607,120.6614515,12.81,5.165,-0.145,-0.021,-1.000,17,21,0B*09
$GPHPD,2058,119133.800,90.868,-0.745,358.397,31.1293607,120.6614515,12.81,5.165,-0.145,-0.021,-1.000,17,21,0B*09
$GPHPD,2058,119134.000,90.764,-0.367,359.047,31.1293605,120.6614624,12.82,5.224,-0.087,0.042,-1.000,17,21,0B*2F
$GPHPD,2058,119134.000,90.764,-0.367,359.047,31.1293605,120.6614624,12.82,5.224,-0.087,0.042,-1.000,17,21,0B*2F
$GPHPD,2058,119134.200,90.798,-0.357,358.990,31.1293603,120.6614734,12.81,5.263,-0.093,0.002,-1.000,17,21,0B*28
$GPHPD,2058,119134.200,90.798,-0.357,358.990,31.1293603,120.6614734,12.81,5.263,-0.093,0.002,-1.000,17,21,0B*28
$GPHPD,2058,119134.400,90.938,-0.168,358.131,31.1293600,120.6614845,12.82,5.277,-0.172,-0.051,-1.000,17,21,0B*0E
$GPHPD,2058,119134.400,90.938,-0.168,358.131,31.1293600,120.6614845,12.82,5.277,-0.172,-0.051,-1.000,17,21,0B*0E
$GPHPD,2058,119134.600,90.785,-0.591,358.857,31.1293598,120.6614956,12.83,5.239,-0.105,0.056,-1.000,17,21,0B*2F
$GPHPD,2058,119134.600,90.785,-0.591,358.857,31.1293598,120.6614956,12.83,5.239,-0.105,0.056,-1.000,17,21,0B*2F
$GPHPD,2058,119134.800,90.833,-0.354,358.096,31.1293596,120.6615067,12.82,5.275,-0.175,0.034,-1.000,17,21,0B*27
$GPHPD,2058,119134.800,90.833,-0.354,358.096,31.1293596,120.6615067,12.82,5.275,-0.175,0.034,-1.000,17,21,0B*27
$GPHPD,2058,119135.000,90.659,-1.022,358.479,31.1293593,120.6615179,12.82,5.357,-0.142,-0.001,-1.000,17,21,0B*0F
$GPHPD,2058,119135.000,90.659,-1.022,358.479,31.1293593,120.6615179,12.82,5.357,-0.142,-0.001,-1.000,17,21,0B*0F
$GPHPD,2058,119135.200,90.627,-0.648,359.006,31.1293591,120.6615291,12.82,5.375,-0.093,0.002,-1.000,17,21,0B*26
$GPHPD,2058,119135.200,90.627,-0.648,359.006,31.1293591,120.6615291,12.82,5.375,-0.093,0.002,-1.000,17,21,0B*26
$GPHPD,2058,119135.400,90.746,-0.589,358.933,31.1293589,120.6615402,12.82,5.352,-0.100,0.017,-1.000,17,21,0B*29
$GPHPD,2058,119135.400,90.746,-0.589,358.933,31.1293589,120.6615402,12.82,5.352,-0.100,0.017,-1.000,17,21,0B*29
$GPHPD,2058,119135.600,90.337,-0.511,358.866,31.1293587,120.6615514,12.81,5.329,-0.105,-0.132,-1.000,17,21,0B*00
$GPHPD,2058,119135.600,90.337,-0.511,358.866,31.1293587,120.6615514,12.81,5.329,-0.105,-0.132,-1.000,17,21,0B*00
$GPHPD,2058,119135.800,90.283,0.031,359.000,31.1293585,120.6615626,12.81,5.373,-0.094,-0.043,-1.000,17,21,0B*22
$GPHPD,2058,119135.800,90.283,0.031,359.000,31.1293585,120.6615626,12.81,5.373,-0.094,-0.043,-1.000,17,21,0B*22
$GPHPD,2058,119136.000,90.290,-0.184,358.999,31.1293583,120.6615739,12.82,5.412,-0.095,-0.090,-1.000,17,21,0B*04
$GPHPD,2058,119136.000,90.290,-0.184,358.999,31.1293583,120.6615739,12.82,5.412,-0.095,-0.090,-1.000,17,21,0B*04
$GPHPD,2058,119136.200,90.474,-0.511,358.591,31.1293581,120.6615851,12.82,5.324,-0.131,-0.072,-1.000,17,21,0B*04
$GPHPD,2058,119136.200,90.474,-0.511,358.591,31.1293581,120.6615851,12.82,5.324,-0.131,-0.072,-1.000,17,21,0B*04
$GPHPD,2058,119136.400,90.352,0.456,358.466,31.1293579,120.6615964,12.82,5.357,-0.143,-0.084,-1.000,17,21,0B*2F
$GPHPD,2058,119136.400,90.352,0.456,358.466,31.1293579,120.6615964,12.82,5.357,-0.143,-0.084,-1.000,17,21,0B*2F
$GPHPD,2058,119136.600,90.332,-0.713,359.241,31.1293577,120.6616076,12.82,5.403,-0.072,0.088,-1.000,17,21,0B*25
$GPHPD,2058,119136.600,90.332,-0.713,359.241,31.1293577,120.6616076,12.82,5.403,-0.072,0.088,-1.000,17,21,0B*25
$GPHPD,2058,119136.800,90.167,-0.791,358.563,31.1293575,120.6616188,12.82,5.357,-0.134,0.020,-1.000,17,21,0B*20
$GPHPD,2058,119136.800,90.167,-0.791,358.563,31.1293575,120.6616188,12.82,5.357,-0.134,0.020,-1.000,17,21,0B*20
$GPHPD,2058,119137.000,90.067,-0.139,359.449,31.1293573,120.6616300,12.83,5.286,-0.051,0.070,-1.000,17,21,0B*2B
$GPHPD,2058,119137.000,90.067,-0.139,359.449,31.1293573,120.6616300,12.83,5.286,-0.051,0.070,-1.000,17,21,0B*2B
$GPHPD,2058,119137.200,90.168,-0.305,359.562,31.1293572,120.6616412,12.83,5.363,-0.041,-0.041,-1.000,17,21,0B*03
$GPHPD,2058,119137.200,90.168,-0.305,359.562,31.1293572,120.6616412,12.83,5.363,-0.041,-0.041,-1.000,17,21,0B*03
$GPHPD,2058,119137.400,90.152,-0.740,358.382,31.1293570,120.6616524,12.83,5.340,-0.151,0.077,-1.000,17,21,0B*2F
$GPHPD,2058,119137.400,90.152,-0.740,358.382,31.1293570,120.6616524,12.83,5.340,-0.151,0.077,-1.000,17,21,0B*2F
$GPHPD,2058,119137.600,89.862,-0.540,359.514,31.1293569,120.6616637,12.83,5.436,-0.046,-0.048,-1.000,17,21,0B*0C
$GPHPD,2058,119137.600,89.862,-0.540,359.514,31.1293569,120.6616637,12.83,5.436,-0.046,-0.048,-1.000,17,21,0B*0C
$GPHPD,2058,119137.800,90.217,-0.310,359.041,31.1293567,120.6616748,12.83,5.333,-0.089,0.122,-1.000,17,21,0B*22
$GPHPD,2058,119137.800,90.217,-0.310,359.041,31.1293567,120.6616748,12.83,5.333,-0.089,0.122,-1.000,17,21,0B*22
$GPHPD,2058,119138.000,89.919,-0.030,359.072,31.1293566,120.6616859,12.83,5.218,-0.085,-0.099,-1.000,17,21,0B*0F
$GPHPD,2058,119138.000,89.919,-0.030,359.072,31.1293566,120.6616859,12.83,5.218,-0.085,-0.099,-1.000,17,21,0B*0F
$GPHPD,2058,119138.200,89.812,0.631,0.148,31.1293566,120.6616971,12.84,5.326,0.014,0.041,-1.000,17,21,0B*27
$GPHPD,2058,119138.200,89.812,0.631,0.148,31.1293566,120.6616971,12.84,5.326,0.014,0.041,-1.000,17,21,0B*27
$GPHPD,2058,119138.400,89.744,-0.020,359.850,31.1293565,120.6617083,12.86,5.366,-0.014,0.051,-1.000,17,21,0B*25
$GPHPD,2058,119138.400,89.744,-0.020,359.850,31.1293565,120.6617083,12.86,5.366,-0.014,0.051,-1.000,17,21,0B*25
$GPHPD,2058,119138.600,89.463,-0.528,359.736,31.1293565,120.6617195,12.86,5.343,-0.025,-0.082,-1.000,17,21,0B*03
$GPHPD,2058,119138.600,89.463,-0.528,359.736,31.1293565,120.6617195,12.86,5.343,-0.025,-0.082,-1.000,17,21,0B*03
$GPHPD,2058,119138.800,89.043,-0.348,0.352,31.1293566,120.6617307,12.85,5.323,0.033,-0.098,-1.000,17,21,0B*2C
$GPHPD,2058,119138.800,89.043,-0.348,0.352,31.1293566,120.6617307,12.85,5.323,0.033,-0.098,-1.000,17,21,0B*2C
$GPHPD,2058,119139.000,89.006,-0.155,0.636,31.1293567,120.6617419,12.86,5.311,0.059,0.013,-1.000,17,21,0B*04
$GPHPD,2058,119139.000,89.006,-0.155,0.636,31.1293567,120.6617419,12.86,5.311,0.059,0.013,-1.000,17,21,0B*04
$GPHPD,2058,119139.200,89.072,-0.207,0.253,31.1293567,120.6617531,12.86,5.298,0.023,0.242,-1.000,17,21,0B*06
$GPHPD,2058,119139.200,89.072,-0.207,0.253,31.1293567,120.6617531,12.86,5.298,0.023,0.242,-1.000,17,21,0B*06
$GPHPD,2058,119139.400,89.008,-1.070,359.421,31.1293567,120.6617644,12.87,5.352,-0.054,0.113,-1.000,17,21,0B*2F
$GPHPD,2058,119139.400,89.008,-1.070,359.421,31.1293567,120.6617644,12.87,5.352,-0.054,0.113,-1.000,17,21,0B*2F
$GPHPD,2058,119139.600,89.041,-0.056,0.204,31.1293567,120.6617756,12.86,5.356,0.019,0.040,-1.000,17,21,0B*0F
$GPHPD,2058,119139.600,89.041,-0.056,0.204,31.1293567,120.6617756,12.86,5.356,0.019,0.040,-1.000,17,21,0B*0F
$GPHPD,2058,119139.800,89.141,-0.242,359.784,31.1293566,120.6617868,12.85,5.399,-0.020,-0.024,-1.000,17,21,0B*0E
$GPHPD,2058,119139.800,89.141,-0.242,359.784,31.1293566,120.6617868,12.85,5.399,-0.020,-0.024,-1.000,17,21,0B*0E
$GPHPD,2058,119140.000,89.600,-0.556,359.630,31.1293565,120.6617981,12.85,5.381,-0.035,0.099,-1.000,17,21,0B*25
$GPHPD,2058,119140.000,89.600,-0.556,359.630,31.1293565,120.6617981,12.85,5.381,-0.035,0.099,-1.000,17,21,0B*25
$GPHPD,2058,119140.200,89.716,-0.271,358.913,31.1293564,120.6618094,12.85,5.348,-0.101,0.106,-1.000,17,21,0B*2B
$GPHPD,2058,119140.200,89.716,-0.271,358.913,31.1293564,120.6618094,12.85,5.348,-0.101,0.106,-1.000,17,21,0B*2B
$GPHPD,2058,119140.400,89.704,-0.248,359.361,31.1293563,120.6618205,12.86,5.291,-0.059,0.059,-1.000,17,21,0B*26
$GPHPD,2058,119140.400,89.704,-0.248,359.361,31.1293563,120.6618205,12.86,5.291,-0.059,0.059,-1.000,17,21,0B*26
$GPHPD,2058,119140.600,89.960,-1.113,358.867,31.1293561,120.6618318,12.87,5.406,-0.107,0.084,-1.000,17,21,0B*24
$GPHPD,2058,119140.600,89.960,-1.113,358.867,31.1293561,120.6618318,12.87,5.406,-0.107,0.084,-1.000,17,21,0B*24
$GPHPD,2058,119140.800,90.392,-0.012,359.585,31.1293560,120.6618431,12.86,5.366,-0.039,-0.024,-1.000,17,21,0B*02
$GPHPD,2058,119140.800,90.392,-0.012,359.585,31.1293560,120.6618431,12.86,5.366,-0.039,-0.024,-1.000,17,21,0B*02
$GPHPD,2058,119141.000,90.225,0.259,358.877,31.1293558,120.6618543,12.86,5.317,-0.104,-0.080,-1.000,17,21,0B*2F
$GPHPD,2058,119141.000,90.225,0.259,358.877,31.1293558,120.6618543,12.86,5.317,-0.104,-0.080,-1.000,17,21,0B*2F
$GPHPD,2058,119141.200,90.139,-0.042,358.855,31.1293557,120.6618656,12.86,5.384,-0.108,0.079,-1.000,17,21,0B*23
$GPHPD,2058,119141.200,90.139,-0.042,358.855,31.1293557,120.6618656,12.86,5.384,-0.108,0.079,-1.000,17,21,0B*23
$GPHPD,2058,119141.400,90.418,-0.360,358.911,31.1293555,120.6618769,12.88,5.369,-0.102,0.099,-1.000,17,21,0B*27
$GPHPD,2058,119141.400,90.418,-0.360,358.911,31.1293555,120.6618769,12.88,5.369,-0.102,0.099,-1.000,17,21,0B*27
$GPHPD,2058,119141.600,89.691,-0.242,359.864,31.1293554,120.6618881,12.89,5.343,-0.013,0.164,-1.000,17,21,0B*2E
$GPHPD,2058,119141.600,89.691,-0.242,359.864,31.1293554,120.6618881,12.89,5.343,-0.013,0.164,-1.000,17,21,0B*2E
$GPHPD,2058,119141.800,89.899,-1.141,359.348,31.1293552,120.6618994,12.86,5.400,-0.061,-0.048,-1.000,17,21,0B*09
$GPHPD,2058,119141.800,89.899,-1.141,359.348,31.1293552,120.6618994,12.86,5.400,-0.061,-0.048,-1.000,17,21,0B*09
$GPHPD,2058,119142.000,90.008,-0.478,359.217,31.1293551,120.6619107,12.85,5.437,-0.074,-0.124,-1.000,17,21,0B*07
$GPHPD,2058,119142.000,90.008,-0.478,359.217,31.1293551,120.6619107,12.85,5.437,-0.074,-0.124,-1.000,17,21,0B*07
$GPHPD,2058,119142.200,89.804,0.286,359.637,31.1293549,120.6619220,12.85,5.441,-0.034,-0.003,-1.000,17,21,0B*2B
$GPHPD,2058,119142.200,89.804,0.286,359.637,31.1293549,120.6619220,12.85,5.441,-0.034,-0.003,-1.000,17,21,0B*2B
$GPHPD,2058,119142.400,89.802,-1.317,358.204,31.1293547,120.6619332,12.85,5.362,-0.168,0.115,-1.000,17,21,0B*22
$GPHPD,2058,119142.400,89.802,-1.317,358.204,31.1293547,120.6619332,12.85,5.362,-0.168,0.115,-1.000,17,21,0B*22
$GPHPD,2058,119142.600,90.112,-0.202,359.475,31.1293546,120.6619445,12.86,5.389,-0.049,0.021,-1.000,17,21,0B*21
$GPHPD,2058,119142.600,90.112,-0.202,359.475,31.1293546,120.6619445,12.86,5.389,-0.049,0.021,-1.000,17,21,0B*21
$GPHPD,2058,119142.800,90.036,-0.405,359.193,31.1293544,120.6619558,12.87,5.421,-0.076,-0.021,-1.000,17,21,0B*0E
$GPHPD,2058,119142.800,90.036,-0.405,359.193,31.1293544,120.6619558,12.87,5.421,-0.076,-0.021,-1.000,17,21,0B*0E
$GPHPD,2058,119143.000,90.087,0.281,359.215,31.1293542,120.6619671,12.88,5.358,-0.073,0.092,-1.000,17,21,0B*0F
$GPHPD,2058,119143.000,90.087,0.281,359.215,31.1293542,120.6619671,12.88,5.358,-0.073,0.092,-1.000,17,21,0B*0F
$GPHPD,2058,119143.200,90.271,0.310,359.250,31.1293541,120.6619785,12.87,5.407,-0.071,0.039,-1.000,17,20,0B*07
$GPHPD,2058,119143.200,90.271,0.310,359.250,31.1293541,120.6619785,12.87,5.407,-0.071,0.039,-1.000,17,20,0B*07
$GPHPD,2058,119143.400,90.176,-0.076,359.690,31.1293539,120.6619898,12.86,5.419,-0.029,0.009,-1.000,16,20,0B*2E
$GPHPD,2058,119143.400,90.176,-0.076,359.690,31.1293539,120.6619898,12.86,5.419,-0.029,0.009,-1.000,16,20,0B*2E
$GPHPD,2058,119143.600,90.127,-0.527,358.856,31.1293538,120.6620010,12.86,5.329,-0.106,-0.021,-1.000,16,21,0B*01
$GPHPD,2058,119143.600,90.127,-0.527,358.856,31.1293538,120.6620010,12.86,5.329,-0.106,-0.021,-1.000,16,21,0B*01
$GPHPD,2058,119143.800,89.950,-0.702,359.321,31.1293536,120.6620122,12.87,5.325,-0.063,-0.032,-1.000,16,21,0B*03
$GPHPD,2058,119143.800,89.950,-0.702,359.321,31.1293536,120.6620122,12.87,5.325,-0.063,-0.032,-1.000,16,21,0B*03
$GPHPD,2058,119144.000,90.169,-0.668,358.986,31.1293535,120.6620235,12.87,5.420,-0.096,-0.022,-1.000,16,21,0B*02
$GPHPD,2058,119144.000,90.169,-0.668,358.986,31.1293535,120.6620235,12.87,5.420,-0.096,-0.022,-1.000,16,21,0B*02
$GPHPD,2058,119144.200,90.238,-1.152,359.099,31.1293533,120.6620347,12.87,5.328,-0.084,0.041,-1.000,16,21,0B*28
$GPHPD,2058,119144.200,90.238,-1.152,359.099,31.1293533,120.6620347,12.87,5.328,-0.084,0.041,-1.000,16,21,0B*28
$GPHPD,2058,119144.400,90.366,-1.690,359.010,31.1293531,120.6620458,12.87,5.271,-0.091,-0.141,-1.000,16,21,0B*02
$GPHPD,2058,119144.400,90.366,-1.690,359.010,31.1293531,120.6620458,12.87,5.271,-0.091,-0.141,-1.000,16,21,0B*02
$GPHPD,2058,119144.600,90.032,-0.820,359.241,31.1293530,120.6620569,12.88,5.264,-0.070,-0.120,-1.000,16,21,0B*01
$GPHPD,2058,119144.600,90.032,-0.820,359.241,31.1293530,120.6620569,12.88,5.264,-0.070,-0.120,-1.000,16,21,0B*01
$GPHPD,2058,119144.800,90.057,-0.823,359.077,31.1293528,120.6620679,12.90,5.272,-0.085,0.126,-1.000,16,20,0B*2D
$GPHPD,2058,119144.800,90.057,-0.823,359.077,31.1293528,120.6620679,12.90,5.272,-0.085,0.126,-1.000,16,20,0B*2D
$GPHPD,2058,119145.000,90.002,-0.770,359.680,31.1293527,120.6620788,12.90,5.227,-0.029,-0.086,-1.000,16,21,0B*02
$GPHPD,2058,119145.000,90.002,-0.770,359.680,31.1293527,120.6620788,12.90,5.227,-0.029,-0.086,-1.000,16,21,0B*02
$GPHPD,2058,119145.200,90.171,-1.100,359.063,31.1293525,120.6620898,12.90,5.246,-0.086,0.131,-1.000,16,21,0B*20
$GPHPD,2058,119145.200,90.171,-1.100,359.063,31.1293525,120.6620898,12.90,5.246,-0.086,0.131,-1.000,16,21,0B*20
$GPHPD,2058,119145.400,90.182,-0.138,359.051,31.1293523,120.6621006,12.90,5.158,-0.085,-0.014,-1.000,16,21,0B*0D
$GPHPD,2058,119145.400,90.182,-0.138,359.051,31.1293523,120.6621006,12.90,5.158,-0.085,-0.014,-1.000,16,21,0B*0D
$GPHPD,2058,119145.600,90.169,-0.906,359.482,31.1293522,120.6621115,12.90,5.181,-0.047,0.011,-1.000,16,21,0B*25
$GPHPD,2058,119145.600,90.169,-0.906,359.482,31.1293522,120.6621115,12.90,5.181,-0.047,0.011,-1.000,16,21,0B*25
$GPHPD,2058,119145.800,90.190,-1.283,358.647,31.1293520,120.6621222,12.90,5.145,-0.121,0.046,-1.000,16,21,0B*2E
$GPHPD,2058,119145.800,90.190,-1.283,358.647,31.1293520,120.6621222,12.90,5.145,-0.121,0.046,-1.000,16,21,0B*2E
$GPHPD,2058,119146.000,90.040,-0.982,359.256,31.1293518,120.6621329,12.90,5.124,-0.067,0.098,-1.000,16,21,0B*21
$GPHPD,2058,119146.000,90.040,-0.982,359.256,31.1293518,120.6621329,12.90,5.124,-0.067,0.098,-1.000,16,21,0B*21
$GPHPD,2058,119146.200,90.306,-1.266,359.064,31.1293517,120.6621436,12.90,5.125,-0.084,0.058,-1.000,16,21,0B*27
$GPHPD,2058,119146.200,90.306,-1.266,359.064,31.1293517,120.6621436,12.90,5.125,-0.084,0.058,-1.000,16,21,0B*27
$GPHPD,2058,119146.400,90.336,-1.178,358.883,31.1293515,120.6621542,12.89,5.046,-0.098,0.009,-1.000,16,20,0B*2A
$GPHPD,2058,119146.400,90.336,-1.178,358.883,31.1293515,120.6621542,12.89,5.046,-0.098,0.009,-1.000,16,20,0B*2A
$GPHPD,2058,119146.600,90.098,-1.191,359.118,31.1293514,120.6621648,12.88,5.028,-0.077,-0.059,-1.000,16,20,0B*0A
$GPHPD,2058,119146.600,90.098,-1.191,359.118,31.1293514,120.6621648,12.88,5.028,-0.077,-0.059,-1.000,16,20,0B*0A
$GPHPD,2058,119146.800,90.221,0.303,359.142,31.1293512,120.6621754,12.89,5.053,-0.076,0.020,-1.000,16,21,0B*0A
$GPHPD,2058,119146.800,90.221,0.303,359.142,31.1293512,120.6621754,12.89,5.053,-0.076,0.020,-1.000,16,21,0B*0A
$GPHPD,2058,119147.000,90.320,-0.751,358.931,31.1293510,120.6621860,12.89,5.047,-0.094,-0.033,-1.000,16,20,0B*0D
$GPHPD,2058,119147.000,90.320,-0.751,358.931,31.1293510,120.6621860,12.89,5.047,-0.094,-0.033,-1.000,16,20,0B*0D
$GPHPD,2058,119147.200,90.382,-0.473,358.670,31.1293508,120.6621966,12.90,5.081,-0.118,-0.018,-1.000,16,20,0B*0E
$GPHPD,2058,119147.200,90.382,-0.473,358.670,31.1293508,120.6621966,12.90,5.081,-0.118,-0.018,-1.000,16,20,0B*0E
$GPHPD,2058,119147.400,90.041,-1.286,358.929,31.1293507,120.6622072,12.91,5.005,-0.094,0.101,-1.000,16,20,0B*26
$GPHPD,2058,119147.400,90.041,-1.286,358.929,31.1293507,120.6622072,12.91,5.005,-0.094,0.101,-1.000,16,20,0B*26
$GPHPD,2058,119147.600,90.224,0.320,358.916,31.1293506,120.6622176,12.91,4.900,-0.093,0.093,-1.000,16,20,0B*0C
$GPHPD,2058,119147.600,90.224,0.320,358.916,31.1293506,120.6622176,12.91,4.900,-0.093,0.093,-1.000,16,20,0B*0C
$GPHPD,2058,119147.800,89.723,-1.186,359.742,31.1293505,120.6622276,12.91,4.733,-0.021,0.035,-1.000,16,20,0B*2F
$GPHPD,2058,119147.800,89.723,-1.186,359.742,31.1293505,120.6622276,12.91,4.733,-0.021,0.035,-1.000,16,20,0B*2F
$GPHPD,2058,119148.000,89.915,-1.719,359.626,31.1293504,120.6622373,12.90,4.563,-0.030,-0.034,-1.000,16,20,0B*0F
$GPHPD,2058,119148.000,89.915,-1.719,359.626,31.1293504,120.6622373,12.90,4.563,-0.030,-0.034,-1.000,16,20,0B*0F
$GPHPD,2058,119148.200,89.839,-0.129,359.701,31.1293503,120.6622466,12.91,4.423,-0.023,0.066,-1.000,16,20,0B*2A
$GPHPD,2058,119148.200,89.839,-0.129,359.701,31.1293503,120.6622466,12.91,4.423,-0.023,0.066,-1.000,16,20,0B*2A
$GPHPD,2058,119148.400,89.729,-1.010,359.584,31.1293503,120.6622556,12.91,4.225,-0.031,0.044,-1.000,16,20,0B*26
$GPHPD,2058,119148.400,89.729,-1.010,359.584,31.1293503,120.6622556,12.91,4.225,-0.031,0.044,-1.000,16,20,0B*26
$GPHPD,2058,119148.600,89.339,-0.809,0.151,31.1293503,120.6622642,12.90,4.050,0.011,-0.013,-1.000,16,20,0B*24
$GPHPD,2058,119148.600,89.339,-0.809,0.151,31.1293503,120.6622642,12.90,4.050,0.011,-0.013,-1.000,16,20,0B*24
$GPHPD,2058,119148.800,89.061,-1.051,0.580,31.1293504,120.6622725,12.92,3.920,0.040,0.069,-1.000,16,20,0B*00
$GPHPD,2058,119148.800,89.061,-1.051,0.580,31.1293504,120.6622725,12.92,3.920,0.040,0.069,-1.000,16,20,0B*00
$GPHPD,2058,119149.000,88.878,-1.935,0.872,31.1293505,120.6622806,12.91,3.777,0.057,0.023,-1.000,16,20,0B*0B
$GPHPD,2058,119149.000,88.878,-1.935,0.872,31.1293505,120.6622806,12.91,3.777,0.057,0.023,-1.000,16,20,0B*0B
$GPHPD,2058,119149.200,88.464,-1.333,1.015,31.1293506,120.6622883,12.90,3.634,0.064,-0.007,-1.000,16,20,0B*2E
$GPHPD,2058,119149.200,88.464,-1.333,1.015,31.1293506,120.6622883,12.90,3.634,0.064,-0.007,-1.000,16,20,0B*2E
$GPHPD,2058,119149.400,88.313,-1.629,1.152,31.1293507,120.6622957,12.91,3.466,0.070,0.006,-1.000,16,20,0B*07
$GPHPD,2058,119149.400,88.313,-1.629,1.152,31.1293507,120.6622957,12.91,3.466,0.070,0.006,-1.000,16,20,0B*07
$GPHPD,2058,119149.600,88.396,-0.698,1.364,31.1293508,120.6623028,12.90,3.311,0.079,-0.073,-1.000,16,20,0B*2B
$GPHPD,2058,119149.600,88.396,-0.698,1.364,31.1293508,120.6623028,12.90,3.311,0.079,-0.073,-1.000,16,20,0B*2B
$GPHPD,2058,119149.800,88.404,-1.007,1.563,31.1293510,120.6623095,12.90,3.195,0.087,0.028,-1.000,16,20,0B*0A
$GPHPD,2058,119149.800,88.404,-1.007,1.563,31.1293510,120.6623095,12.90,3.195,0.087,0.028,-1.000,16,20,0B*0A
$GPHPD,2058,119150.000,88.149,-0.510,1.808,31.1293511,120.6623160,12.90,3.050,0.096,0.015,-1.000,16,20,0B*08
$GPHPD,2058,119150.000,88.149,-0.510,1.808,31.1293511,120.6623160,12.90,3.050,0.096,0.015,-1.000,16,20,0B*08
$GPHPD,2058,119150.200,87.976,-0.606,2.531,31.1293513,120.6623221,12.90,2.897,0.128,-0.044,-1.000,16,20,0B*2A
$GPHPD,2058,119150.200,87.976,-0.606,2.531,31.1293513,120.6623221,12.90,2.897,0.128,-0.044,-1.000,16,20,0B*2A
$GPHPD,2058,119150.400,87.686,-0.915,1.913,31.1293514,120.6623280,12.90,2.823,0.094,0.066,-1.000,16,20,0B*06
$GPHPD,2058,119150.400,87.686,-0.915,1.913,31.1293514,120.6623280,12.90,2.823,0.094,0.066,-1.000,16,20,0B*06
$GPHPD,2058,119150.600,87.465,-0.603,3.248,31.1293516,120.6623339,12.90,2.786,0.158,0.022,-1.000,16,20,0B*04
$GPHPD,2058,119150.600,87.465,-0.603,3.248,31.1293516,120.6623339,12.90,2.786,0.158,0.022,-1.000,16,20,0B*04
$GPHPD,2058,119150.800,86.993,-0.234,2.815,31.1293519,120.6623398,12.89,2.876,0.141,0.000,-1.000,16,20,0B*08
$GPHPD,2058,119150.800,86.993,-0.234,2.815,31.1293519,120.6623398,12.89,2.876,0.141,0.000,-1.000,16,20,0B*08
$GPHPD,2058,119151.000,86.316,-0.968,3.766,31.1293522,120.6623458,12.89,2.873,0.189,-0.037,-1.000,16,20,0B*25
$GPHPD,2058,119151.000,86.316,-0.968,3.766,31.1293522,120.6623458,12.89,2.873,0.189,-0.037,-1.000,16,20,0B*25
$GPHPD,2058,119151.200,85.733,-0.450,5.465,31.1293527,120.6623519,12.90,2.826,0.270,0.105,-1.000,16,20,0B*06
$GPHPD,2058,119151.200,85.733,-0.450,5.465,31.1293527,120.6623519,12.90,2.826,0.270,0.105,-1.000,16,20,0B*06
$GPHPD,2058,119151.400,84.742,-0.709,6.212,31.1293532,120.6623578,12.89,2.786,0.303,-0.072,-1.000,16,20,0B*2A
$GPHPD,2058,119151.400,84.742,-0.709,6.212,31.1293532,120.6623578,12.89,2.786,0.303,-0.072,-1.000,16,20,0B*2A
$GPHPD,2058,119151.600,83.119,-0.316,8.629,31.1293540,120.6623636,12.89,2.721,0.413,0.066,-1.000,16,20,0B*00
$GPHPD,2058,119151.600,83.119,-0.316,8.629,31.1293540,120.6623636,12.89,2.721,0.413,0.066,-1.000,16,20,0B*00
$GPHPD,2058,119151.800,81.431,-0.590,11.852,31.1293549,120.6623691,12.88,2.585,0.543,-0.054,-1.000,16,20,0B*10
$GPHPD,2058,119151.800,81.431,-0.590,11.852,31.1293549,120.6623691,12.88,2.585,0.543,-0.054,-1.000,16,20,0B*10
$GPHPD,2058,119152.000,79.403,-1.104,13.098,31.1293559,120.6623746,12.89,2.588,0.602,-0.054,-1.000,16,20,0B*19
$GPHPD,2058,119152.000,79.403,-1.104,13.098,31.1293559,120.6623746,12.89,2.588,0.602,-0.054,-1.000,16,20,0B*19
$GPHPD,2058,119152.200,77.353,-0.838,15.751,31.1293572,120.6623799,12.88,2.524,0.712,-0.004,-1.000,16,20,0B*1D
$GPHPD,2058,119152.200,77.353,-0.838,15.751,31.1293572,120.6623799,12.88,2.524,0.712,-0.004,-1.000,16,20,0B*1D
$GPHPD,2058,119152.400,75.077,-0.205,18.443,31.1293585,120.6623851,12.88,2.412,0.804,-0.051,-1.000,16,20,0B*1A
$GPHPD,2058,119152.400,75.077,-0.205,18.443,31.1293585,120.6623851,12.88,2.412,0.804,-0.051,-1.000,16,20,0B*1A
$GPHPD,2058,119152.600,72.664,-0.058,20.817,31.1293601,120.6623902,12.89,2.388,0.908,-0.088,-1.000,16,20,0B*13
$GPHPD,2058,119152.600,72.664,-0.058,20.817,31.1293601,120.6623902,12.89,2.388,0.908,-0.088,-1.000,16,20,0B*13
$GPHPD,2058,119152.800,70.441,0.015,21.900,31.1293618,120.6623951,12.90,2.402,0.966,0.066,-1.000,16,20,0B*1E
$GPHPD,2058,119152.800,70.441,0.015,21.900,31.1293618,120.6623951,12.90,2.402,0.966,0.066,-1.000,16,20,0B*1E
$GPHPD,2058,119153.000,67.773,0.095,25.909,31.1293637,120.6623999,12.90,2.254,1.095,0.058,-1.000,16,20,0B*13
$GPHPD,2058,119153.000,67.773,0.095,25.909,31.1293637,120.6623999,12.90,2.254,1.095,0.058,-1.000,16,20,0B*13
$GPHPD,2058,119153.200,65.046,0.344,28.900,31.1293659,120.6624044,12.90,2.189,1.208,0.037,-1.000,16,20,0B*13
$GPHPD,2058,119153.200,65.046,0.344,28.900,31.1293659,120.6624044,12.90,2.189,1.208,0.037,-1.000,16,20,0B*13
$GPHPD,2058,119153.400,62.138,-0.373,30.534,31.1293681,120.6624090,12.90,2.147,1.266,-0.030,-1.000,16,20,0B*1D
$GPHPD,2058,119153.400,62.138,-0.373,30.534,31.1293681,120.6624090,12.90,2.147,1.266,-0.030,-1.000,16,20,0B*1D
$GPHPD,2058,119153.600,59.652,-0.764,34.056,31.1293705,120.6624135,12.89,2.107,1.424,-0.008,-1.000,16,20,0B*1F
$GPHPD,2058,119153.600,59.652,-0.764,34.056,31.1293705,120.6624135,12.89,2.107,1.424,-0.008,-1.000,16,20,0B*1F
$GPHPD,2058,119153.800,56.475,0.210,39.405,31.1293733,120.6624176,12.89,1.963,1.613,0.009,-1.000,16,20,0B*1C
$GPHPD,2058,119153.800,56.475,0.210,39.405,31.1293733,120.6624176,12.89,1.963,1.613,0.009,-1.000,16,20,0B*1C
$GPHPD,2058,119154.000,53.094,-0.130,42.434,31.1293765,120.6624217,12.89,1.912,1.748,0.016,-1.000,16,20,0B*3F
$GPHPD,2058,119154.000,53.094,-0.130,42.434,31.1293765,120.6624217,12.89,1.912,1.748,0.016,-1.000,16,20,0B*3F
$GPHPD,2058,119154.200,49.740,0.790,42.984,31.1293798,120.6624255,12.89,1.861,1.734,0.038,-1.000,16,20,0B*19
$GPHPD,2058,119154.200,49.740,0.790,42.984,31.1293798,120.6624255,12.89,1.861,1.734,0.038,-1.000,16,20,0B*19
$GPHPD,2058,119154.400,46.559,-0.032,45.928,31.1293831,120.6624295,12.90,1.850,1.911,0.059,-1.000,16,20,0B*3D
$GPHPD,2058,119154.400,46.559,-0.032,45.928,31.1293831,120.6624295,12.90,1.850,1.911,0.059,-1.000,16,20,0B*3D
$GPHPD,2058,119154.600,43.115,0.448,51.537,31.1293868,120.6624330,12.91,1.661,2.091,0.056,-1.000,16,20,0B*17
$GPHPD,2058,119154.600,43.115,0.448,51.537,31.1293868,120.6624330,12.91,1.661,2.091,0.056,-1.000,16,20,0B*17
$GPHPD,2058,119154.800,39.896,0.339,55.870,31.1293907,120.6624362,12.92,1.504,2.219,0.027,-1.000,16,20,0B*15
$GPHPD,2058,119154.800,39.896,0.339,55.870,31.1293907,120.6624362,12.92,1.504,2.219,0.027,-1.000,16,20,0B*15
$GPHPD,2058,119155.000,37.063,0.697,59.190,31.1293948,120.6624391,12.91,1.368,2.294,-0.041,-1.000,16,20,0B*3A
$GPHPD,2058,119155.000,37.063,0.697,59.190,31.1293948,120.6624391,12.91,1.368,2.294,-0.041,-1.000,16,20,0B*3A
$GPHPD,2058,119155.200,33.965,0.706,60.023,31.1293990,120.6624419,12.92,1.366,2.369,-0.023,-1.000,16,20,0B*31
$GPHPD,2058,119155.200,33.965,0.706,60.023,31.1293990,120.6624419,12.92,1.366,2.369,-0.023,-1.000,16,20,0B*31
$GPHPD,2058,119155.400,30.758,0.857,64.088,31.1294034,120.6624445,12.92,1.190,2.449,-0.065,-1.000,16,20,0B*3F
$GPHPD,2058,119155.400,30.758,0.857,64.088,31.1294034,120.6624445,12.92,1.190,2.449,-0.065,-1.000,16,20,0B*3F
$GPHPD,2058,119155.600,27.161,0.319,66.862,31.1294079,120.6624468,12.94,1.081,2.530,0.039,-1.000,16,20,0B*12
$GPHPD,2058,119155.600,27.161,0.319,66.862,31.1294079,120.6624468,12.94,1.081,2.530,0.039,-1.000,16,20,0B*12
$GPHPD,2058,119155.800,23.936,0.389,71.204,31.1294125,120.6624486,12.96,0.865,2.542,0.089,-1.000,16,20,0B*10
$GPHPD,2058,119155.800,23.936,0.389,71.204,31.1294125,120.6624486,12.96,0.865,2.542,0.089,-1.000,16,20,0B*10
$GPHPD,2058,119156.000,20.687,0.190,74.964,31.1294172,120.6624503,12.97,0.708,2.635,0.112,-1.000,16,20,0B*14
$GPHPD,2058,119156.000,20.687,0.190,74.964,31.1294172,120.6624503,12.97,0.708,2.635,0.112,-1.000,16,20,0B*14
$GPHPD,2058,119156.200,16.872,-0.196,78.151,31.1294221,120.6624516,12.97,0.568,2.706,0.034,-1.000,16,20,0B*3F
$GPHPD,2058,119156.200,16.872,-0.196,78.151,31.1294221,120.6624516,12.97,0.568,2.706,0.034,-1.000,16,20,0B*3F
$GPHPD,2058,119156.400,13.546,0.252,80.923,31.1294270,120.6624526,12.97,0.441,2.763,-0.033,-1.000,16,20,0B*3E
$GPHPD,2058,119156.400,13.546,0.252,80.923,31.1294270,120.6624526,12.97,0.441,2.763,-0.033,-1.000,16,20,0B*3E
$GPHPD,2058,119156.600,10.255,0.419,84.470,31.1294320,120.6624532,12.98,0.267,2.758,0.010,-1.000,16,20,0B*14
$GPHPD,2058,119156.600,10.255,0.419,84.470,31.1294320,120.6624532,12.98,0.267,2.758,0.010,-1.000,16,20,0B*14
$GPHPD,2058,119156.800,6.456,0.209,88.723,31.1294370,120.6624534,12.98,0.062,2.800,0.045,-1.000,16,20,0B*20
$GPHPD,2058,119156.800,6.456,0.209,88.723,31.1294370,120.6624534,12.98,0.062,2.800,0.045,-1.000,16,20,0B*20
$GPHPD,2058,119157.000,3.225,0.211,91.211,31.1294421,120.6624534,12.98,-0.059,2.809,0.045,-1.000,16,20,0B*04
$GPHPD,2058,119157.000,3.225,0.211,91.211,31.1294421,120.6624534,12.98,-0.059,2.809,0.045,-1.000,16,20,0B*04
$GPHPD,2058,119157.200,359.406,-0.202,95.364,31.1294471,120.6624530,12.98,-0.260,2.769,0.053,-1.000,16,20,0B*22
$GPHPD,2058,119157.200,359.406,-0.202,95.364,31.1294471,120.6624530,12.98,-0.260,2.769,0.053,-1.000,16,20,0B*22
$GPHPD,2058,119157.400,356.078,-0.127,99.524,31.1294520,120.6624521,12.98,-0.455,2.709,0.039,-1.000,16,20,0B*23
$GPHPD,2058,119157.400,356.078,-0.127,99.524,31.1294520,120.6624521,12.98,-0.455,2.709,0.039,-1.000,16,20,0B*23
$GPHPD,2058,119157.600,352.425,-0.084,101.895,31.1294569,120.6624510,12.98,-0.564,2.678,0.016,-1.000,16,20,0B*10
$GPHPD,2058,119157.600,352.425,-0.084,101.895,31.1294569,120.6624510,12.98,-0.564,2.678,0.016,-1.000,16,20,0B*10
$GPHPD,2058,119157.800,348.901,0.825,106.003,31.1294617,120.6624494,12.97,-0.758,2.644,-0.032,-1.000,16,20,0B*11
$GPHPD,2058,119157.800,348.901,0.825,106.003,31.1294617,120.6624494,12.97,-0.758,2.644,-0.032,-1.000,16,20,0B*11
$GPHPD,2058,119158.000,345.210,-0.197,110.372,31.1294665,120.6624475,12.97,-0.970,2.612,0.037,-1.000,16,20,0B*1A
$GPHPD,2058,119158.000,345.210,-0.197,110.372,31.1294665,120.6624475,12.97,-0.970,2.612,0.037,-1.000,16,20,0B*1A
$GPHPD,2058,119158.200,341.693,-0.976,113.526,31.1294710,120.6624453,12.96,-1.101,2.530,-0.057,-1.000,16,20,0B*31
$GPHPD,2058,119158.200,341.693,-0.976,113.526,31.1294710,120.6624453,12.96,-1.101,2.530,-0.057,-1.000,16,20,0B*31
$GPHPD,2058,119158.400,338.347,-0.919,117.204,31.1294755,120.6624428,12.95,-1.267,2.465,-0.122,-1.000,16,20,0B*30
$GPHPD,2058,119158.400,338.347,-0.919,117.204,31.1294755,120.6624428,12.95,-1.267,2.465,-0.122,-1.000,16,20,0B*30
$GPHPD,2058,119158.600,334.235,-0.932,119.474,31.1294798,120.6624401,12.94,-1.337,2.366,-0.048,-1.000,16,20,0B*3A
$GPHPD,2058,119158.600,334.235,-0.932,119.474,31.1294798,120.6624401,12.94,-1.337,2.366,-0.048,-1.000,16,20,0B*3A
$GPHPD,2058,119158.800,330.541,-0.313,121.298,31.1294840,120.6624372,12.95,-1.419,2.334,-0.040,-1.000,16,20,0B*3E
$GPHPD,2058,119158.800,330.541,-0.313,121.298,31.1294840,120.6624372,12.95,-1.419,2.334,-0.040,-1.000,16,20,0B*3E
$GPHPD,2058,119159.000,327.674,-0.577,126.902,31.1294880,120.6624338,12.95,-1.620,2.157,-0.031,-1.000,16,20,0B*34
$GPHPD,2058,119159.000,327.674,-0.577,126.902,31.1294880,120.6624338,12.95,-1.620,2.157,-0.031,-1.000,16,20,0B*34
$GPHPD,2058,119159.200,324.541,-1.346,131.277,31.1294917,120.6624302,12.95,-1.752,1.996,0.045,-1.000,16,20,0B*10
$GPHPD,2058,119159.200,324.541,-1.346,131.277,31.1294917,120.6624302,12.95,-1.752,1.996,0.045,-1.000,16,20,0B*10
$GPHPD,2058,119159.400,320.627,-0.109,132.155,31.1294953,120.6624264,12.94,-1.771,1.956,-0.080,-1.000,16,20,0B*30
$GPHPD,2058,119159.400,320.627,-0.109,132.155,31.1294953,120.6624264,12.94,-1.771,1.956,-0.080,-1.000,16,20,0B*30
$GPHPD,2058,119159.600,317.380,-0.709,135.954,31.1294988,120.6624224,12.94,-1.931,1.868,-0.042,-1.000,16,20,0B*3C
$GPHPD,2058,119159.600,317.380,-0.709,135.954,31.1294988,120.6624224,12.94,-1.931,1.868,-0.042,-1.000,16,20,0B*3C
$GPHPD,2058,119159.800,313.770,-0.122,141.578,31.1295018,120.6624181,12.94,-2.117,1.679,0.042,-1.000,16,20,0B*12
$GPHPD,2058,119159.800,313.770,-0.122,141.578,31.1295018,120.6624181,12.94,-2.117,1.679,0.042,-1.000,16,20,0B*12
$GPHPD,2058,119160.000,310.371,-0.375,143.332,31.1295047,120.6624136,12.94,-2.116,1.575,-0.090,-1.000,16,20,0B*36
$GPHPD,2058,119160.000,310.371,-0.375,143.332,31.1295047,120.6624136,12.94,-2.116,1.575,-0.090,-1.000,16,20,0B*36
$GPHPD,2058,119160.200,307.307,-0.712,147.001,31.1295074,120.6624090,12.95,-2.210,1.435,-0.095,-1.000,16,20,0B*38
$GPHPD,2058,119160.200,307.307,-0.712,147.001,31.1295074,120.6624090,12.95,-2.210,1.435,-0.095,-1.000,16,20,0B*38
$GPHPD,2058,119160.400,303.874,-0.123,149.544,31.1295098,120.6624042,12.94,-2.267,1.333,-0.104,-1.000,16,20,0B*3F
$GPHPD,2058,119160.400,303.874,-0.123,149.544,31.1295098,120.6624042,12.94,-2.267,1.333,-0.104,-1.000,16,20,0B*3F
$GPHPD,2058,119160.600,300.729,-1.290,154.046,31.1295119,120.6623994,12.94,-2.319,1.129,0.036,-1.000,16,20,0B*19
$GPHPD,2058,119160.600,300.729,-1.290,154.046,31.1295119,120.6623994,12.94,-2.319,1.129,0.036,-1.000,16,20,0B*19
$GPHPD,2058,119160.800,297.180,-2.718,157.587,31.1295138,120.6623944,12.91,-2.358,0.973,-0.104,-1.000,16,20,0B*35
$GPHPD,2058,119160.800,297.180,-2.718,157.587,31.1295138,120.6623944,12.91,-2.358,0.973,-0.104,-1.000,16,20,0B*35
$GPHPD,2058,119161.000,293.702,-1.658,161.603,31.1295153,120.6623894,12.90,-2.376,0.790,-0.136,-1.000,16,20,0B*36
$GPHPD,2058,119161.000,293.702,-1.658,161.603,31.1295153,120.6623894,12.90,-2.376,0.790,-0.136,-1.000,16,20,0B*36
$GPHPD,2058,119161.200,289.902,-1.347,165.124,31.1295165,120.6623844,12.89,-2.392,0.635,-0.204,-1.000,16,20,0B*3A
$GPHPD,2058,119161.200,289.902,-1.347,165.124,31.1295165,120.6623844,12.89,-2.392,0.635,-0.204,-1.000,16,20,0B*3A
$GPHPD,2058,119161.400,286.200,0.129,167.747,31.1295175,120.6623796,12.90,-2.298,0.499,-0.008,-1.000,16,20,0B*15
$GPHPD,2058,119161.400,286.200,0.129,167.747,31.1295175,120.6623796,12.90,-2.298,0.499,-0.008,-1.000,16,20,0B*15
$GPHPD,2058,119161.600,283.258,0.314,171.462,31.1295181,120.6623749,12.89,-2.189,0.329,-0.095,-1.000,16,20,0B*1A
$GPHPD,2058,119161.600,283.258,0.314,171.462,31.1295181,120.6623749,12.89,-2.189,0.329,-0.095,-1.000,16,20,0B*1A
$GPHPD,2058,119161.800,280.150,0.294,174.258,31.1295185,120.6623705,12.89,-2.057,0.207,0.028,-1.000,16,20,0B*37
$GPHPD,2058,119161.800,280.150,0.294,174.258,31.1295185,120.6623705,12.89,-2.057,0.207,0.028,-1.000,16,20,0B*37
$GPHPD,2058,119162.000,277.495,-0.913,175.356,31.1295189,120.6623664,12.90,-1.935,0.157,0.021,-1.000,16,20,0B*1C
$GPHPD,2058,119162.000,277.495,-0.913,175.356,31.1295189,120.6623664,12.90,-1.935,0.157,0.021,-1.000,16,20,0B*1C
$GPHPD,2058,119162.200,275.779,-0.754,177.109,31.1295191,120.6623624,12.91,-1.894,0.096,-0.010,-1.000,16,20,0B*3F
$GPHPD,2058,119162.200,275.779,-0.754,177.109,31.1295191,120.6623624,12.91,-1.894,0.096,-0.010,-1.000,16,20,0B*3F
$GPHPD,2058,119162.400,274.281,-1.066,177.677,31.1295192,120.6623586,12.91,-1.804,0.073,0.033,-1.000,16,20,0B*15
$GPHPD,2058,119162.400,274.281,-1.066,177.677,31.1295192,120.6623586,12.91,-1.804,0.073,0.033,-1.000,16,20,0B*15
$GPHPD,2058,119162.600,273.378,-1.082,177.880,31.1295193,120.6623549,12.90,-1.763,0.065,-0.106,-1.000,16,20,0B*3B
$GPHPD,2058,119162.600,273.378,-1.082,177.880,31.1295193,120.6623549,12.90,-1.763,0.065,-0.106,-1.000,16,20,0B*3B
$GPHPD,2058,119162.800,272.402,-0.691,178.753,31.1295195,120.6623512,12.90,-1.780,0.039,-0.012,-1.000,16,20,0B*3D
$GPHPD,2058,119162.800,272.402,-0.691,178.753,31.1295195,120.6623512,12.90,-1.780,0.039,-0.012,-1.000,16,20,0B*3D
$GPHPD,2058,119163.000,272.067,-1.725,177.966,31.1295196,120.6623476,12.89,-1.762,0.063,0.045,-1.000,16,20,0B*1F
$GPHPD,2058,119163.000,272.067,-1.725,177.966,31.1295196,120.6623476,12.89,-1.762,0.063,0.045,-1.000,16,20,0B*1F
$GPHPD,2058,119163.200,271.478,-0.825,179.242,31.1295197,120.6623438,12.88,-1.801,0.024,0.005,-1.000,16,20,0B*1E
$GPHPD,2058,119163.200,271.478,-0.825,179.242,31.1295197,120.6623438,12.88,-1.801,0.024,0.005,-1.000,16,20,0B*1E
$GPHPD,2058,119163.400,270.834,-1.023,179.379,31.1295197,120.6623401,12.89,-1.814,0.020,0.075,-1.000,16,20,0B*17
$GPHPD,2058,119163.400,270.834,-1.023,179.379,31.1295197,120.6623401,12.89,-1.814,0.020,0.075,-1.000,16,20,0B*17
$GPHPD,2058,119163.600,270.707,-1.062,179.320,31.1295198,120.6623364,12.90,-1.732,0.021,0.029,-1.000,16,20,0B*13
$GPHPD,2058,119163.600,270.707,-1.062,179.320,31.1295198,120.6623364,12.90,-1.732,0.021,0.029,-1.000,16,20,0B*13
$GPHPD,2058,119163.800,270.731,-0.978,179.256,31.1295199,120.6623329,12.89,-1.630,0.021,-0.026,-1.000,16,20,0B*3A
$GPHPD,2058,119163.800,270.731,-0.978,179.256,31.1295199,120.6623329,12.89,-1.630,0.021,-0.026,-1.000,16,20,0B*3A
$GPHPD,2058,119164.000,270.558,-0.756,180.516,31.1295199,120.6623299,12.89,-1.406,-0.013,-0.010,-1.000,16,20,0B*1B
$GPHPD,2058,119164.000,270.558,-0.756,180.516,31.1295199,120.6623299,12.89,-1.406,-0.013,-0.010,-1.000,16,20,0B*1B
$GPHPD,2058,119164.200,270.126,-1.151,179.049,31.1295199,120.6623272,12.90,-1.240,0.021,0.070,-1.000,16,20,0B*13
$GPHPD,2058,119164.200,270.126,-1.151,179.049,31.1295199,120.6623272,12.90,-1.240,0.021,0.070,-1.000,16,20,0B*13
$GPHPD,2058,119164.400,269.968,-1.643,176.505,31.1295199,120.6623247,12.89,-1.132,0.069,-0.105,-1.000,16,20,0B*33
$GPHPD,2058,119164.400,269.968,-1.643,176.505,31.1295199,120.6623247,12.89,-1.132,0.069,-0.105,-1.000,16,20,0B*33
$GPHPD,2058,119164.600,270.049,-1.339,179.729,31.1295199,120.6623226,12.90,-0.949,0.004,-0.077,-1.000,16,20,0B*3D
$GPHPD,2058,119164.600,270.049,-1.339,179.729,31.1295199,120.6623226,12.90,-0.949,0.004,-0.077,-1.000,16,20,0B*3D
$GPHPD,2058,119164.800,269.780,-1.731,179.495,31.1295199,120.6623208,12.91,-0.818,0.007,0.186,-1.000,16,20,0B*18
$GPHPD,2058,119164.800,269.780,-1.731,179.495,31.1295199,120.6623208,12.91,-0.818,0.007,0.186,-1.000,16,20,0B*18
$GPHPD,2058,119165.000,270.163,0.016,180.424,31.1295200,120.6623195,12.89,-0.583,-0.004,0.056,-1.000,16,20,0B*10
$GPHPD,2058,119165.000,270.163,0.016,180.424,31.1295200,120.6623195,12.89,-0.583,-0.004,0.056,-1.000,16,20,0B*10
$GPHPD,2058,119165.200,269.918,-0.759,179.895,31.1295200,120.6623185,12.90,-0.444,0.001,0.105,-1.000,16,20,0B*13
$GPHPD,2058,119165.200,269.918,-0.759,179.895,31.1295200,120.6623185,12.90,-0.444,0.001,0.105,-1.000,16,20,0B*13
$GPHPD,2058,119165.400,269.842,-0.840,179.812,31.1295200,120.6623178,12.89,-0.272,0.001,-0.011,-1.000,16,20,0B*33
$GPHPD,2058,119165.400,269.842,-0.840,179.812,31.1295200,120.6623178,12.89,-0.272,0.001,-0.011,-1.000,16,20,0B*33
$GPHPD,2058,119165.600,269.802,-0.570,173.819,31.1295200,120.6623175,12.90,-0.121,0.013,0.007,-1.000,16,20,0B*13
$GPHPD,2058,119165.600,269.802,-0.570,173.819,31.1295200,120.6623175,12.90,-0.121,0.013,0.007,-1.000,16,20,0B*13
$GPHPD,2058,119165.800,269.779,-0.946,9.754,31.1295200,120.6623175,12.90,0.028,0.005,0.004,-1.000,16,20,0B*3C
$GPHPD,2058,119165.800,269.779,-0.946,9.754,31.1295200,120.6623175,12.90,0.028,0.005,0.004,-1.000,16,20,0B*3C
$GPHPD,2058,119166.000,269.764,-1.403,146.167,31.1295200,120.6623175,12.89,-0.010,0.007,-0.018,-1.000,16,20,0B*36
$GPHPD,2058,119166.000,269.764,-1.403,146.167,31.1295200,120.6623175,12.89,-0.010,0.007,-0.018,-1.000,16,20,0B*36
$GPHPD,2058,119166.200,269.768,-0.996,171.528,31.1295200,120.6623175,12.90,-0.012,0.002,0.042,-1.000,16,20,0B*1E
$GPHPD,2058,119166.200,269.768,-0.996,171.528,31.1295200,120.6623175,12.90,-0.012,0.002,0.042,-1.000,16,20,0B*1E
$GPHPD,2058,119166.400,269.807,-1.249,213.438,31.1295200,120.6623175,12.90,-0.021,-0.014,0.057,-1.000,16,20,0B*3F
$GPHPD,2058,119166.400,269.807,-1.249,213.438,31.1295200,120.6623175,12.90,-0.021,-0.014,0.057,-1.000,16,20,0B*3F
$GPHPD,2058,119166.600,269.805,-1.220,227.409,31.1295200,120.6623175,12.90,-0.003,-0.003,0.031,-1.000,16,20,0B*33
$GPHPD,2058,119166.600,269.805,-1.220,227.409,31.1295200,120.6623175,12.90,-0.003,-0.003,0.031,-1.000,16,20,0B*33
$GPHPD,2058,119166.800,269.821,-1.474,20.142,31.1295200,120.6623175,12.90,0.005,0.002,-0.016,-1.000,16,20,0B*2C
$GPHPD,2058,119166.800,269.821,-1.474,20.142,31.1295200,120.6623175,12.90,0.005,0.002,-0.016,-1.000,16,20,0B*2C
$GPHPD,2058,119167.000,269.830,-1.448,357.294,31.1295200,120.6623175,12.90,0.009,-0.000,0.011,-1.000,16,20,0B*18
$GPHPD,2058,119167.000,269.830,-1.448,357.294,31.1295200,120.6623175,12.90,0.009,-0.000,0.011,-1.000,16,20,0B*18
$GPHPD,2058,119167.200,269.789,-1.360,58.273,31.1295200,120.6623175,12.90,0.003,0.004,-0.009,-1.000,16,20,0B*28
$GPHPD,2058,119167.200,269.789,-1.360,58.273,31.1295200,120.6623175,12.90,0.003,0.004,-0.009,-1.000,16,20,0B*28
$GPHPD,2058,119167.400,269.744,-1.480,0.491,31.1295200,120.6623175,12.90,0.016,0.000,-0.038,-1.000,16,20,0B*13
$GPHPD,2058,119167.400,269.744,-1.480,0.491,31.1295200,120.6623175,12.90,0.016,0.000,-0.038,-1.000,16,20,0B*13
$GPHPD,2058,119167.600,269.820,-1.087,183.589,31.1295200,120.6623175,12.90,-0.003,-0.000,0.020,-1.000,16,20,0B*3D
